10085
10084
10008
10082
10081
10080
10079
10078
10077
10076
10075
10074
10073
10072
10070
10070
10065
10057
10056
10055
10054
10051
10050
10049
10048
10047
10046
10035
10034
10042
10041
10040
10039
10038
10037
10036
10035
10034
10033
10085
10084
10008
10082
10081
10080
10079
10078
10077
10076
10075
10074
10073
10072
10070
10070
10065
10057
10056
10055
10054
10051
10050
10049
10048
10047
10046
10035
10034
10042
10041
10040
10039
10038
10037
10036
10035
10034
10033
10085
10084
10008
10082
10081
10080
10079
10078
10077
10076
10075
10074
10073
10072
10070
10070
10065
10057
10056
10055
10054
10051
10050
10049
10048
10047
10046
10035
10034
10042
10041
10040
10039
10038
10037
10036
10035
10034
10033
10085
10084
10008
10082
10081
10080
10079
10078
10077
10076
10075
10074
10073
10072
10070
10070
10065
10057
10056
10055
10054
10051
10050
10049
10048
10047
10046
10035
10034
10042
10041
10040
10039
10038
10037
10036
10035
10034
10033
10085
10084
10008
10082
10081
10080
10079
10078
10077
10076
10075
10074
10073
10072
10070
10070
10065
10057
10056
10055
10054
10051
10050
10049
10048
10047
10046
10035
10034
10042
10041
10040
10039
10038
10037
10036
10035
10034
10033
10085
10084
10008
10082
10081
10080
10079
10078
10077
10076
10075
10074
10073
10072
10070
10070
10065
10057
10056
10055
10054
10051
10050
10049
10048
10047
10046
10035
10034
10042
10041
10040
10039
10038
10037
10036
10035
10034
10033
10085
10084
10008
10082
10081
10080
10079
10078
10077
10076
10075
10074
10073
10072
10070
10070
10065
10057
10056
10055
10054
10051
10050
10049
10048
10047
10046
10035
10034
10042
10041
10040
10039
10038
10037
10036
10035
10034
10033
10085
10084
10008
10082
10081
10080
10079
10078
10077
10076
10075
10074
10073
10072
10070
10070
10065
10057
10056
10055
10054
10051
10050
10049
10048
10047
10046
10035
10034
10042
10041
10040
10039
10038
10037
10036
10035
10034
10033
10085
10084
10008
10082
10081
10080
10079
10078
10077
10076
10075
10074
10073
10072
10070
10070
10065
10057
10056
10055
10054
10051
10050
10049
10048
10047
10046
10035
10034
10042
10041
10040
10039
10038
10037
10036
10035
10034
10033
10085
10084
10008
10082
10081
10080
10079
10078
10077
10076
10075
10074
10073
10072
10070
10070
10065
10057
10056
10055
10054
10051
10050
10049
10048
10047
10046
10035
10034
10042
10041
10040
10039
10038
10037
10036
10035
10034
10033
10085
10084
10008
10082
10081
10080
10079
10078
10077
10076
10075
10074
10073
10072
10070
10070
10065
10057
10056
10055
10054
10051
10050
10049
10048
10047
10046
10035
10034
10042
10041
10040
10039
10038
10037
10036
10035
10034
10033
10085
10084
10008
10082
10081
10080
10079
10078
10077
10076
10075
10074
10073
10072
10070
10070
10065
10057
10056
10055
10054
10051
10050
10049
10048
10047
10046
10035
10034
10042
10041
10040
10039
10038
10037
10036
10035
10034
10033
10085
10084
10008
10082
10081
10080
10079
10078
10077
10076
10075
10074
10073
10072
10070
10070
10065
10057
10056
10055
10054
10051
10050
10049
10048
10047
10046
10035
10034
10042
10041
10040
10039
10038
10037
10036
10035
10034
10033
10085
10084
10008
10082
10081
10080
10079
10078
10077
10076
10075
10074
10073
10072
10070
10070
10065
10057
10056
10055
10054
10051
10050
10049
10048
10047
10046
10035
10034
10042
10041
10040
10039
10038
10037
10036
10035
10034
10033
10085
10084
10008
10082
10081
10080
10079
10078
10077
10076
10075
10074
10073
10072
10070
10070
10065
10057
10056
10055
10054
10051
10050
10049
10048
10047
10046
10035
10034
10042
10041
10040
10039
10038
10037
10036
10035
10034
10033
10085
10084
10008
10082
10081
10080
10079
10078
10077
10076
10075
10074
10073
10072
10070
10070
10065
10057
10056
10055
10054
10051
10050
10049
10048
10047
10046
10035
10034
10042
10041
10040
10039
10038
10037
10036
10035
10034
10033
10085
10084
10008
10082
10081
10080
10079
10078
10077
10076
10075
10074
10073
10072
10070
10070
10065
10057
10056
10055
10054
10051
10050
10049
10048
10047
10046
10035
10034
10042
10041
10040
10039
10038
10037
10036
10035
10034
10033
10085
10084
10008
10082
10081
10080
10079
10078
10077
10076
10075
10074
10073
10072
10070
10070
10065
10057
10056
10055
10054
10051
10050
10049
10048
10047
10046
10035
10034
10042
10041
10040
10039
10038
10037
10036
10035
10034
10033
10085
10084
10008
10082
10081
10080
10079
10078
10077
10076
10075
10074
10073
10072
10070
10070
10065
10057
10056
10055
10054
10051
10050
10049
10048
10047
10046
10035
10034
10042
10041
10040
10039
10038
10037
10036
10035
10034
10033
10085
10084
10008
10082
10081
10080
10079
10078
10077
10076
10075
10074
10073
10072
10070
10070
10065
10057
10056
10055
10054
10051
10050
10049
10048
10047
10046
10035
10034
10042
10041
10040
10039
10038
10037
10036
10035
10034
10033
10085
10084
10008
10082
10081
10080
10079
10078
10077
10076
10075
10074
10073
10072
10070
10070
10065
10057
10056
10055
10054
10051
10050
10049
10048
10047
10046
10035
10034
10042
10041
10040
10039
10038
10037
10036
10035
10034
10033
10085
10084
10008
10082
10081
10080
10079
10078
10077
10076
10075
10074
10073
10072
10070
10070
10065
10057
10056
10055
10054
10051
10050
10049
10048
10047
10046
10035
10034
10042
10041
10040
10039
10038
10037
10036
10035
10034
10033
10085
10084
10008
10082
10081
10080
10079
10078
10077
10076
10075
10074
10073
10072
10070
10070
10065
10057
10056
10055
10054
10051
10050
10049
10048
10047
10046
10035
10034
10042
10041
10040
10039
10038
10037
10036
10035
10034
10033
10085
10084
10008
10082
10081
10080
10079
10078
10077
10076
10075
10074
10073
10072
10070
10070
10065
10057
10056
10055
10054
10051
10050
10049
10048
10047
10046
10035
10034
10042
10041
10040
10039
10038
10037
10036
10035
10034
10033
10085
10084
10008
10082
10081
10080
10079
10078
10077
10076
10075
10074
10073
10072
10070
10070
10065
10057
10056
10055
10054
10051
10050
10049
10048
10047
10046
10035
10034
10042
10041
10040
10039
10038
10037
10036
10035
10034
10033
10085
10084
10008
10082
10081
10080
10079
10078
10077
10076
10075
10074
10073
10072
10070
10070
10065
10057
10056
10055
10054
10051
10050
10049
10048
10047
10046
10035
10034
10042
10041
10040
10039
10038
10037
10036
10035
10034
10033
10085
10084
10008
10082
10081
10080
10079
10078
10077
10076
10075
10074
10073
10072
10070
10070
10065
10057
10056
10055
10054
10051
10050
10049
10048
10047
10046
10035
10034
10042
10041
10040
10039
10038
10037
10036
10035
10034
10033
10085
10084
10008
10082
10081
10080
10079
10078
10077
10076
10075
10074
10073
10072
10070
10070
10065
10057
10056
10055
10054
10051
10050
10049
10048
10047
10046
10035
10034
10042
10041
10040
10039
10038
10037
10036
10035
10034
10033
10085
10084
10008
10082
10081
10080
10079
10078
10077
10076
10075
10074
10073
10072
10070
10070
10065
10057
10056
10055
10054
10051
10050
10049
10048
10047
10046
10035
10034
10042
10041
10040
10039
10038
10037
10036
10035
10034
10033
10085
10084
10008
10082
10081
10080
10079
10078
10077
10076
10075
10074
10073
10072
10070
10070
10065
10057
10056
10055
10054
10051
10050
10049
10048
10047
10046
10035
10034
10042
10041
10040
10039
10038
10037
10036
10035
10034
10033
10085
10084
10008
10082
10081
10080
10079
10078
10077
10076
10075
10074
10073
10072
10070
10070
10065
10057
10056
10055
10054
10051
10050
10049
10048
10047
10046
10035
10034
10042
10041
10040
10039
10038
10037
10036
10035
10034
10033
10085
10084
10008
10082
10081
10080
10079
10078
10077
10076
10075
10074
10073
10072
10070
10070
10065
10057
10056
10055
10054
10051
10050
10049
10048
10047
10046
10035
10034
10042
10041
10040
10039
10038
10037
10036
10035
10034
10033
10085
10084
10008
10082
10081
10080
10079
10078
10077
10076
10075
10074
10073
10072
10070
10070
10065
10057
10056
10055
10054
10051
10050
10049
10048
10047
10046
10035
10034
10042
10041
10040
10039
10038
10037
10036
10035
10034
10033
10085
10084
10008
10082
10081
10080
10079
10078
10077
10076
10075
10074
10073
10072
10070
10070
10065
10057
10056
10055
10054
10051
10050
10049
10048
10047
10046
10035
10034
10042
10041
10040
10039
10038
10037
10036
10035
10034
10033
10085
10084
10008
10082
10081
10080
10079
10078
10077
10076
10075
10074
10073
10072
10070
10070
10065
10057
10056
10055
10054
10051
10050
10049
10048
10047
10046
10035
10034
10042
10041
10040
10039
10038
10037
10036
10035
10034
10033
10085
10084
10008
10082
10081
10080
10079
10078
10077
10076
10075
10074
10073
10072
10070
10070
10065
10057
10056
10055
10054
10051
10050
10049
10048
10047
10046
10035
10034
10042
10041
10040
10039
10038
10037
10036
10035
10034
10033
10085
10084
10008
10082
10081
10080
10079
10078
10077
10076
10075
10074
10073
10072
10070
10070
10065
10057
10056
10055
10054
10051
10050
10049
10048
10047
10046
10035
10034
10042
10041
10040
10039
10038
10037
10036
10035
10034
10033
10085
10084
10008
10082
10081
10080
10079
10078
10077
10076
10075
10074
10073
10072
10070
10070
10065
10057
10056
10055
10054
10051
10050
10049
10048
10047
10046
10035
10034
10042
10041
10040
10039
10038
10037
10036
10035
10034
10033
10085
10084
10008
10082
10081
10080
10079
10078
10077
10076
10075
10074
10073
10072
10070
10070
10065
10057
10056
10055
10054
10051
10050
10049
10048
10047
10046
10035
10034
10042
10041
10040
10039
10038
10037
10036
10035
10034
10033
10085
10084
10008
10082
10081
10080
10079
10078
10077
10076
10075
10074
10073
10072
10070
10070
10065
10057
10056
10055
10054
10051
10050
10049
10048
10047
10046
10035
10034
10042
10041
10040
10039
10038
10037
10036
10035
10034
10033
10070
10065
10057
10056
10055
10054
10051
10050
10049
10048
10047
10046
10035
10034
10042
10041
10040
10039
10038
10037
10036
10035
10034
10033
