5	【技能区域】	1	1	1	0
1	火球术	1	1	1	0
1	治愈术	1	1	1	0
1	基本剑术	1	1	1	0
1	精神力战法	1	1	1	0
1	大火球	1	1	1	0
1	攻杀剑术	1	1	1	0
1	施毒术	1	1	1	0
1	抗拒火环	1	1	1	0
1	冰霜群雨	1	1	1	0
1	雷电术	1	1	1	0
1	疾光电影	1	1	1	0
1	灵魂火符	1	1	1	0
1	幽灵盾	1	1	1	0
1	神圣战甲术	1	1	1	0
1	刺杀剑术	1	1	1	0
1	困魔咒	1	1	1	0
1	召唤骷髅	1	1	1	0
1	隐身术	1	1	1	0
1	集体隐身术	1	1	1	0
1	诱惑之光	1	1	1	0
1	瞬息移动	1	1	1	0
1	火墙	1	1	1	0
1	爆裂火焰	1	1	1	0
1	地狱雷光	1	1	1	0
1	半月弯刀	1	1	1	0
1	烈火剑法	1	1	1	0
1	野蛮冲撞	1	1	1	0
1	心灵启示	1	1	1	0
1	群体治愈术	1	1	1	0
1	召唤神兽	1	1	1	0
1	魔法盾	1	1	1	0
1	圣言术	1	1	1	0
1	冰咆哮	1	1	1	0
1	解毒术	1	1	1	0
1	寒冰掌	1	1	1	0
1	灭天火	1	1	1	0
1	群体雷电术	1	1	1	0
1	诅咒术	1	1	1	0
1	彻地钉	1	1	1	0
1	双龙斩	1	1	1	0
1	狮子吼	1	1	1	0
1	龙影剑法	1	1	1	0
1	雷霆剑法	1	1	1	0
1	寒冰掌	1	1	1	0
1	灭天火	1	1	1	0
1	流星火雨11	1	1	1	0
1	火龙烈炎	1	1	1	0
1	气功波	1	1	1	0
1	净化术	1	1	1	0
1	无极真气	1	1	1	0
1	群体施毒术	1	1	1	0
1	飓风破	1	1	1	0
1	飓风破11	1	1	1	0
1	飓风破11	1	1	1	0
1	召唤月灵	1	1	1	0
1	逐日剑法	1	1	1	0
1	噬血术	1	1	1	0
1	流星火雨	1	1	1	0
1	飓风破11	1	1	1	0
1	飓风破11	1	1	1	0
1	流星火雨11	1	1	1	0
1	流星火雨11	1	1	1	0
1	流星火雨11	1	1	1	0
1	流星火雨11	1	1	1	0
1	流星火雨11	1	1	1	0
1	开天斩	1	1	1	0
1	先天元力	1	1	1	0
1	酒气护体	1	1	1	0
1	烈火剑法11	1	1	1	0
1	心灵召唤	1	1	1	0
1	擒龙手	1	1	1	0
1	乾坤大挪移111	1	1	1	0
1	道力盾	1	1	1	0
1	分身术	1	1	1	0
1	护体神盾	1	1	1	0
1	召唤圣兽	1	1	1	0
1	唯我独尊	1	1	1	0
1	召唤火灵	1	1	1	0
1	神龙附体	1	1	1	0
1	召唤巨魔	1	1	1	0
1	纵横剑术	1	1	1	0
1	十步一杀	1	1	1	0
1	冰镰术	1	1	1	0
1	冰霜群雨	1	1	1	0
1	裂神符	1	1	1	0
1	死亡之眼	1	1	1	0
5	【药水区域】	1	1	1	0
2	新手金创药	1	1	1	0
2	金创药(中量)	1	1	1	0
2	强效金创药	1	1	1	0
1	超级金创药	1	1	1	0
1	金创药(小)包	1	1	1	0
1	金创药(中)包	1	1	1	0
2	魔法药(小量)	1	1	1	0
2	魔法药(中量)	1	1	1	0
2	强效魔法药	1	1	1	0
1	超级魔法药	1	1	1	0
1	魔法药(小)包	1	1	1	0
1	魔法药(中)包	1	1	1	0
2	强效太阳水	1	1	1	0
2	万年雪霜	1	1	1	0
2	疗伤药	1	1	1	0
2	青色橡树果	1	1	1	0
2	银色橡树果	1	1	1	0
2	金色橡树果	1	1	1	0
2	新手太阳水	1	1	1	0
1	强效太阳包	1	1	1	0
1	太阳水捆药绳	1	1	1	0
1	雪霜包	1	1	1	0
1	雪霜捆药绳	1	1	1	0
1	疗伤药包	1	1	1	0
1	疗伤药捆药绳	1	1	1	0
2	鹿茸	1	1	1	0
2	鹿血	1	1	1	0
1	苹果	1	1	1	0
1	HP强化水	1	1	1	0
1	MP强化水	1	1	1	0
1	攻击神水	1	1	1	0
1	魔法神水	1	1	1	0
1	道术神水	1	1	1	0
1	疾风药水	1	1	1	0
2	神水	1	1	1	0
2	神秘药水	1	1	1	0
2	特殊药水	1	1	1	0
2	修复药水	1	1	1	0
1	修复油	1	1	1	0
1	战神油	1	1	1	0
1	祝福油	1	1	1	0
1	祝福罐	1	1	1	0
2	灰色药粉(少量)	1	1	1	0
2	灰色药粉(中量)	1	1	1	0
2	灰色药粉(大量)	1	1	1	0
2	黄色药粉(少量)	1	1	1	0
2	黄色药粉(中量)	1	1	1	0
2	黄色药粉(大量)	1	1	1	0
2	护身符	1	1	1	0
2	护身符(大)	1	1	1	0
1	打捆护身符	1	1	1	0
1	沃玛号角	1	1	1	0
1	祖玛头像	1	1	1	0
1	铜矿2	1	1	1	0
1	铁矿2	1	1	1	0
1	银矿2	1	1	1	0
1	金矿2	1	1	1	0
1	黑铁矿	1	1	1	0
1	绿	1	1	1	0
1	紫	1	1	1	0
1	红名清洗卷	1	1	1	0
1	移动仓库卷	1	1	1	0
2	护身符	1	1	1	0
1	铜矿	1	1	1	0
1	铁矿	1	1	1	0
1	银矿	1	1	1	0
1	金矿1	1	1	1	0
1	战神油	1	1	1	0
1	回城卷1	1	1	1	0
1	祝福油	1	1	1	0
5	传送戒指	1	1	1	0
5	麻痹戒指1	1	1	1	0
5	复活戒指1	1	1	1	0
5	火焰戒指	1	1	1	0
5	防御戒指	1	1	1	0
5	求婚戒指	1	1	1	0
5	护身戒指1	1	1	1	0
5	超负载戒指	1	1	1	0
5	技巧项链	1	1	1	0
2	太阳水	1	1	1	0
1	祖玛头像	1	1	1	0
1	介绍信	1	1	1	0
1	随机传送卷	1	1	1	0
1	行会回城卷	1	1	1	0
1	修复油	1	1	1	0
2	强效金创药	1	1	1	0
2	强效魔法药	1	1	1	0
1	超级金创药	1	1	1	0
1	超级魔法药	1	1	1	0
1	骰子	1	1	1	0
1	佛牌	1	1	1	0
1	黑铁矿石1	1	1	1	0
1	彩票	1	1	1	0
2	疗伤药啊	1	1	1	0
2	特殊药水	1	1	1	0
1	药剂师的信	1	1	1	0
2	鹿血	1	1	1	0
5	神秘戒指	1	1	1	0
5	神秘腰带	1	1	1	0
5	神秘头盔	1	1	1	0
2	神水	1	1	1	0
2	万年雪霜	1	1	1	0
1	筹码	1	1	1	0
2	神秘药水	1	1	1	0
1	地牢逃脱卷包	1	1	1	0
1	随机传送卷包	1	1	1	0
1	回城卷包	1	1	1	0
1	行会回城卷包	1	1	1	0
1	筹码包	1	1	1	0
1	攻击神水	1	1	1	0
1	魔力神水	1	1	1	0
1	道力神水	1	1	1	0
1	疾速神水	1	1	1	0
1	HP强化水	1	1	1	0
1	MP强化水	1	1	1	0
1	金砖1	1	1	1	0
1	攻击力药水	1	1	1	0
1	魔法力药水	1	1	1	0
1	道术力药水	1	1	1	0
1	疾风药水	1	1	1	0
1	HP强化水(中)	1	1	1	0
1	MP强化水(中)	1	1	1	0
1	强效攻击力药水	1	1	1	0
1	强效魔法力药水	1	1	1	0
1	强效道术力药水	1	1	1	0
1	强效HP强化水	1	1	1	0
1	强效MP强化水	1	1	1	0
1	超级攻击力药水	1	1	1	0
1	超级魔法力药水	1	1	1	0
1	超级道术力药水	1	1	1	0
1	超级HP强化水	1	1	1	0
1	超级MP强化水	1	1	1	0
1	超级疾风药水	1	1	1	0
1	强效疾风药水	1	1	1	0
1	苹果	1	1	1	0
4	赤血魔剑	1	1	1	0
5	魔血戒指	1	1	1	0
5	魔血手镯	1	1	1	0
5	魔血项链	1	1	1	0
5	虹魔戒指	1	1	1	0
5	虹魔手镯	1	1	1	0
2	护身符(大)　	1	1	1	0
2	护身符(大)	1	1	1	0
3	中型盔甲(男)	1	1	1	0
3	中型盔甲(女)	1	1	1	0
4	罗刹	1	1	1	0
1	魔血石(赠品)	1	1	1	0
1	魔血石(中)	1	1	1	0
1	魔血石(大)	1	1	1	0
1	金条1	1	1	1	0
1	金盒1	1	1	1	0
1	红名清洗卡	1	1	1	0
2	盟重传送石	1	1	1	0
1	比奇传送石	1	1	1	0
1	仓库钥匙	1	1	1	0
1	封魔传送石	1	1	1	0
2	随机传送石	1	1	1	0
1	个性发型	1	1	1	0
1	反璞归真	1	1	1	0
2	强制随机石	1	1	1	0
1	三倍经验宝典111	1	1	1	0
1	千里传音(大)	1	1	1	0
2	修复神水	1	1	1	0
1	金钻贵族	1	1	1	0
1	藏经传送卡	1	1	1	0
1	变性药水	1	1	1	0
1	庆典蛋糕	1	1	1	0
1	10万经验卷	1	1	1	0
1	20万经验卷	1	1	1	0
1	50万经验卷	1	1	1	0
1	100万经验卷	1	1	1	0
1	500万经验卷	1	1	1	0
1	1000万经验卷	1	1	1	0
1	2000万经验卷	1	1	1	0
1	超级祝福油	1	1	1	0
1	行会召唤令	1	1	1	0
2	超级红毒	1	1	1	0
2	超级绿毒	1	1	1	0
2	超级护身符	1	1	1	0
1	紫水晶c	1	1	1	0
1	武学秘籍11	1	1	1	0
2	===========	1	1	1	0
2	---1.商店套---------	1	1	1	0
4	修罗	1	1	1	0
4	偃月	1	1	1	0
4	降魔	1	1	1	0
4	命运之刃	1	1	1	0
5	记忆项链	1	1	1	0
5	道士头盔	1	1	1	0
5	骷髅头盔	1	1	1	0
5	骷髅戒指	1	1	1	0
5	放大镜	1	1	1	0
5	黑檀手镯	1	1	1	0
5	魅力戒指	1	1	1	0
5	竹笛	1	1	1	0
5	道士手镯	1	1	1	0
5	道德戒指	1	1	1	0
5	阎罗手套	1	1	1	0
5	珍珠戒指	1	1	1	0
5	珊瑚戒指	1	1	1	0
5	降妖除魔戒指	1	1	1	0
5	金手镯	1	1	1	0
5	凤凰明珠	1	1	1	0
5	白色虎齿项链	1	1	1	0
5	灯笼项链	1	1	1	0
5	魔力手镯	1	1	1	0
5	狂风戒指	1	1	1	0
5	夏普儿手镯	1	1	1	0
5	狂风项链	1	1	1	0
5	避邪手镯	1	1	1	0
5	探测项链	1	1	1	0
5	记忆戒指	1	1	1	0
5	记忆手镯	1	1	1	0
5	记忆头盔	1	1	1	0
4	乌木剑	1	1	1	0
3	布衣(男)	1	1	1	0
3	布衣(女)	1	1	1	0
5	蓝翡翠项链	1	1	1	0
5	蛇眼戒指	1	1	1	0
5	琥珀项链	1	1	1	0
2	---2.沃玛套---------	1	1	1	0
4	炼狱	1	1	1	0
4	魔杖	1	1	1	0
4	银蛇	1	1	1	0
3	重盔甲(男)	1	1	1	0
3	重盔甲(女)	1	1	1	0
3	魔法长袍(男)	1	1	1	0
3	魔法长袍(女)	1	1	1	0
3	灵魂战衣(男)	1	1	1	0
3	灵魂战衣(女)	1	1	1	0
4	井中月	1	1	1	0
4	血饮	1	1	1	0
4	无极棍	1	1	1	0
5	幽灵项链	1	1	1	0
5	死神手套	1	1	1	0
5	龙之戒指	1	1	1	0
5	天珠项链	1	1	1	0
5	心灵手镯	1	1	1	0
5	铂金戒指	1	1	1	0
5	生命项链	1	1	1	0
5	思贝尔手镯	1	1	1	0
5	红宝石戒指	1	1	1	0
2	---3.祖玛套---------	1	1	1	0
4	裁决之杖	1	1	1	0
4	骨玉权杖	1	1	1	0
4	龙纹剑	1	1	1	0
3	战神盔甲(男)	1	1	1	0
3	战神盔甲(女)	1	1	1	0
3	幽灵战衣(男)	1	1	1	0
3	幽灵战衣(女)	1	1	1	0
3	恶魔长袍(男)	1	1	1	0
3	恶魔长袍(女)	1	1	1	0
5	黑铁头盔	1	1	1	0
5	绿色项链	1	1	1	0
5	骑士手镯	1	1	1	0
5	力量戒指	1	1	1	0
5	祈祷头盔	1	1	1	0
5	恶魔铃铛	1	1	1	0
5	龙之手镯	1	1	1	0
5	紫碧螺	1	1	1	0
5	灵魂项链	1	1	1	0
5	三眼手镯	1	1	1	0
5	泰坦戒指	1	1	1	0
2	---4.赤月套---------	1	1	1	0
4	首充蓝玫瑰	1	1	1	0
4	怒斩	1	1	1	0
4	龙牙	1	1	1	0
4	逍遥扇	1	1	1	0
4	屠龙	1	1	1	0
4	霸者之刃	1	1	1	0
4	嗜魂法杖	1	1	1	0
3	天魔神甲	1	1	1	0
3	圣战宝甲	1	1	1	0
3	法神披风	1	1	1	0
3	霓裳羽衣	1	1	1	0
3	天尊道袍	1	1	1	0
3	天师长袍	1	1	1	0
5	圣战头盔	1	1	1	0
5	圣战项链	1	1	1	0
5	圣战手镯	1	1	1	0
5	圣战戒指	1	1	1	0
5	法神头盔	1	1	1	0
5	法神项链	1	1	1	0
5	法神手镯	1	1	1	0
5	法神戒指	1	1	1	0
5	天尊头盔	1	1	1	0
5	天尊项链	1	1	1	0
5	天尊手镯	1	1	1	0
5	天尊戒指	1	1	1	0
2	---5.黄金赤月套---------	1	1	1	0
4	黄金屠龙	1	1	1	0
4	黄金嗜魂法杖	1	1	1	0
4	黄金逍遥扇	1	1	1	0
3	黄金神甲	1	1	1	0
3	黄金神袍	1	1	1	0
5	黄金圣战头盔	1	1	1	0
5	黄金圣战项链	1	1	1	0
5	黄金圣战手镯	1	1	1	0
5	黄金圣战戒指	1	1	1	0
7	黄金圣带	1	1	1	0
7	黄金圣靴	1	1	1	0
5	黄金法神头盔	1	1	1	0
5	黄金法神项链	1	1	1	0
5	黄金法神手镯	1	1	1	0
5	黄金法神戒指	1	1	1	0
7	黄金法带	1	1	1	0
7	黄金法靴	1	1	1	0
5	黄金天尊头盔	1	1	1	0
5	黄金天尊项链	1	1	1	0
5	黄金天尊手镯	1	1	1	0
5	黄金天尊戒指	1	1	1	0
7	黄金道带	1	1	1	0
7	黄金道靴	1	1	1	0
2	---6.武神套---------	1	1	1	0
4	武神战刃	1	1	1	0
4	魔神法杖	1	1	1	0
4	道神尊剑	1	1	1	0
3	武神战甲(男)	1	1	1	0
3	武神战甲(女)	1	1	1	0
3	魔神法袍(男)	1	1	1	0
3	魔神法袍(女)	1	1	1	0
3	道神披风(男)	1	1	1	0
3	道神披风(女)	1	1	1	0
5	武神头盔	1	1	1	0
5	武神项链	1	1	1	0
5	武神手镯	1	1	1	0
5	武神戒指	1	1	1	0
7	武神腰带	1	1	1	0
7	武神靴子	1	1	1	0
5	魔神头盔	1	1	1	0
5	魔神项链	1	1	1	0
5	魔神手镯	1	1	1	0
5	魔神戒指	1	1	1	0
7	魔神腰带	1	1	1	0
7	魔神靴子	1	1	1	0
5	道神头盔	1	1	1	0
5	道神项链	1	1	1	0
5	道神手镯	1	1	1	0
5	道神戒指	1	1	1	0
7	道神腰带	1	1	1	0
7	道神靴子	1	1	1	0
2	---7.轩辕套---------	1	1	1	0
4	轩辕神剑	1	1	1	0
4	轩辕魔剑	1	1	1	0
4	轩辕道剑	1	1	1	0
3	轩辕战甲	1	1	1	0
3	轩辕战衣	1	1	1	0
3	轩辕魔袍	1	1	1	0
3	轩辕魔衣	1	1	1	0
3	轩辕道袍	1	1	1	0
3	轩辕道衣	1	1	1	0
5	轩辕战盔	1	1	1	0
5	轩辕战链	1	1	1	0
5	轩辕战镯	1	1	1	0
5	轩辕战戒	1	1	1	0
7	轩辕战带	1	1	1	0
7	轩辕战靴	1	1	1	0
5	轩辕魔盔	1	1	1	0
5	轩辕魔链	1	1	1	0
5	轩辕魔镯	1	1	1	0
5	轩辕魔戒	1	1	1	0
7	轩辕魔带	1	1	1	0
7	轩辕魔靴	1	1	1	0
5	轩辕道盔	1	1	1	0
5	轩辕道链	1	1	1	0
5	轩辕道镯	1	1	1	0
5	轩辕道戒	1	1	1	0
7	轩辕道带	1	1	1	0
7	轩辕道靴	1	1	1	0
2	---8.圣・轩辕套---------	1	1	1	0
4	王者・神剑	1	1	1	0
4	王者・魔杖	1	1	1	0
4	王者・道扇	1	1	1	0
3	王者・战甲	1	1	1	0
3	王者・战衣	1	1	1	0
3	王者・魔袍	1	1	1	0
3	王者・魔衣	1	1	1	0
3	王者・道袍	1	1	1	0
3	王者・道衣	1	1	1	0
5	王者・战盔	1	1	1	0
5	王者・战链	1	1	1	0
5	王者・战镯	1	1	1	0
5	王者・战戒	1	1	1	0
7	王者・战带	1	1	1	0
7	王者・战靴	1	1	1	0
5	王者・魔盔	1	1	1	0
5	王者・魔链	1	1	1	0
5	王者・魔镯	1	1	1	0
5	王者・魔戒	1	1	1	0
7	王者・魔带	1	1	1	0
7	王者・魔靴	1	1	1	0
5	王者・道盔	1	1	1	0
5	王者・道链	1	1	1	0
5	王者・道镯	1	1	1	0
5	王者・道戒	1	1	1	0
7	王者・道带	1	1	1	0
7	王者・道靴	1	1	1	0
2	---9.神・轩辕套---------	1	1	1	0
4	无双・神剑	1	1	1	0
4	无双・魔杖	1	1	1	0
4	无双・道扇	1	1	1	0
3	无双・战甲	1	1	1	0
3	无双・战衣	1	1	1	0
3	无双・魔袍	1	1	1	0
3	无双・魔衣	1	1	1	0
3	无双・道袍	1	1	1	0
3	无双・道衣	1	1	1	0
5	无双・战盔	1	1	1	0
5	无双・战链	1	1	1	0
5	无双・战镯	1	1	1	0
5	无双・战戒	1	1	1	0
7	无双・战带	1	1	1	0
7	无双・战靴	1	1	1	0
5	无双・魔盔	1	1	1	0
5	无双・魔链	1	1	1	0
5	无双・魔镯	1	1	1	0
5	无双・魔戒	1	1	1	0
7	无双・魔带	1	1	1	0
7	无双・魔靴	1	1	1	0
5	无双・道盔	1	1	1	0
5	无双・道链	1	1	1	0
5	无双・道镯	1	1	1	0
5	无双・道戒	1	1	1	0
7	无双・道带	1	1	1	0
7	无双・道靴	1	1	1	0
2	---10.鸿蒙套---------	1	1	1	0
4	蓝月复古・神斩	1	1	1	0
4	蓝月复古・魔杖	1	1	1	0
4	蓝月复古・道刃	1	1	1	0
3	蓝月复古・战甲	1	1	1	0
3	蓝月复古・战衣	1	1	1	0
3	蓝月复古・魔袍	1	1	1	0
3	蓝月复古・魔衣	1	1	1	0
3	蓝月复古・道袍	1	1	1	0
3	蓝月复古・道衣	1	1	1	0
5	蓝月复古・战盔	1	1	1	0
5	蓝月复古・战链	1	1	1	0
5	蓝月复古・战镯	1	1	1	0
5	蓝月复古・战戒	1	1	1	0
7	蓝月复古・战带	1	1	1	0
7	蓝月复古・战靴	1	1	1	0
5	蓝月复古・魔盔	1	1	1	0
5	蓝月复古・魔链	1	1	1	0
5	蓝月复古・魔镯	1	1	1	0
5	蓝月复古・魔戒	1	1	1	0
7	蓝月复古・魔带	1	1	1	0
7	蓝月复古・魔靴	1	1	1	0
5	蓝月复古・道盔	1	1	1	0
5	蓝月复古・道链	1	1	1	0
5	蓝月复古・道镯	1	1	1	0
5	蓝月复古・道戒	1	1	1	0
7	蓝月复古・道带	1	1	1	0
7	蓝月复古・道靴	1	1	1	0
5	至尊圣链	1	1	1	0
5	至尊神链	1	1	1	0
2	===========	1	1	1	0
2	-------称号---------	1	1	1	0
1	武林盟主	1	1	1	0
1	小魔神	1	1	1	0
1	骷髅王	1	1	1	0
1	上古猎手	1	1	1	0
1	麒麟圣兽	1	1	1	0
1	天尊魔王	1	1	1	0
1	创世王	1	1	1	0
1	大逃杀第一名	1	1	1	0
1	大逃杀第二名	1	1	1	0
1	大逃杀第三名	1	1	1	0
1	大逃杀第四名	1	1	1	0
1	大逃杀第五名	1	1	1	0
1	大逃杀第六名	1	1	1	0
1	大逃杀第七名	1	1	1	0
1	大逃杀第八名	1	1	1	0
1	大逃杀第九名	1	1	1	0
1	大逃杀第十名	1	1	1	0
1	三阶法魄	1	1	1	0
1	四阶法王	1	1	1	0
1	五阶法神	1	1	1	0
1	六阶天武法魄	1	1	1	0
1	七阶神武法灵	1	1	1	0
1	八阶圣武法魂	1	1	1	0
1	九阶洪武法神	1	1	1	0
1	十阶雄武法痴	1	1	1	0
1	十一阶驰天法王	1	1	1	0
1	十二阶玄天法宗	1	1	1	0
1	十三阶傲天法皇	1	1	1	0
1	圣・神威魔尊	1	1	1	0
1	神・至尊幻魔	1	1	1	0
1	一阶道灵	1	1	1	0
1	二阶道魂	1	1	1	0
1	三阶散人	1	1	1	0
1	四阶道玄	1	1	1	0
1	五阶道圣	1	1	1	0
1	六阶天武散人	1	1	1	0
1	七阶神武道灵	1	1	1	0
1	八阶圣武道魂	1	1	1	0
1	九阶洪武真人	1	1	1	0
1	十阶雄武道玄	1	1	1	0
1	十一阶鸿天道宗	1	1	1	0
1	十二阶玄天天师	1	1	1	0
1	十三阶傲天道尊	1	1	1	0
1	圣・神威天尊	1	1	1	0
1	神・至尊玄尊	1	1	1	0
1	摸鱼第一・祖师	1	1	1	0
1	摸鱼第二・宗师	1	1	1	0
1	摸鱼第三・大神	1	1	1	0
1	摸鱼第四・长老	1	1	1	0
1	摸鱼第五・大师	1	1	1	0
1	摸鱼第六・鼻祖	1	1	1	0
1	摸鱼第七・真人	1	1	1	0
1	摸鱼第八・高手	1	1	1	0
1	摸鱼第九・牛人	1	1	1	0
1	摸鱼第十・专家	1	1	1	0
1	摸鱼老手	1	1	1	0
1	传奇四格	1	1	1	0
1	史诗剑甲	1	1	1	0
1	史诗首饰	1	1	1	0
1	传奇剑甲	1	1	1	0
1	传奇首饰	1	1	1	0
1	白银会员	1	1	1	0
1	黄金会员	1	1	1	0
1	钻石会员	1	1	1	0
1	铂金会员	1	1	1	0
1	陆地神仙	1	1	1	0
1	沙城捐献	1	1	1	0
1	富甲天下	1	1	1	0
1	登堂入室	1	1	1	0
1	超凡脱俗	1	1	1	0
1	帝国◇领袖	1	1	1	0
1	帝国◇尊者	1	1	1	0
1	帝国◇护法	1	1	1	0
1	沙巴克之荣耀	1	1	1	0
1	①①①骰王	1	1	1	0
1	②②②骰王	1	1	1	0
1	③③③骰王	1	1	1	0
1	④④④骰王	1	1	1	0
1	⑤⑤⑤骰王	1	1	1	0
1	⑥⑥⑥骰王	1	1	1	0
1	狂暴之力	1	1	1	0
1	嗜血狂暴	1	1	1	0
1	贵族VIP1	1	1	1	0
1	贵族VIP2	1	1	1	0
1	贵族VIP3	1	1	1	0
1	贵族VIP4	1	1	1	0
1	贵族VIP5	1	1	1	0
1	贵族VIP6	1	1	1	0
1	贵族VIP7	1	1	1	0
1	贵族VIP8	1	1	1	0
1	贵族VIP9	1	1	1	0
1	贵族VIP10	1	1	1	0
1	贵族VIP11	1	1	1	0
1	贵族VIP12	1	1	1	0
1	贵族VIP13	1	1	1	0
1	贵族VIP14	1	1	1	0
1	贵族VIP15	1	1	1	0
1	贵族VIP16	1	1	1	0
1	贵族VIP17	1	1	1	0
1	贵族VIP18	1	1	1	0
1	贵族VIP19	1	1	1	0
1	贵族VIP20	1	1	1	0
1	贵族VIP21	1	1	1	0
1	荒古圣体Lv1	1	1	1	0
1	荒古圣体Lv2	1	1	1	0
1	荒古圣体Lv3	1	1	1	0
1	荒古圣体Lv4	1	1	1	0
1	荒古圣体Lv5	1	1	1	0
1	荒古圣体Lv6	1	1	1	0
1	荒古圣体Lv7	1	1	1	0
1	荒古圣体Lv8	1	1	1	0
1	荒古圣体Lv9	1	1	1	0
1	荒古圣体Lv10	1	1	1	0
1	荒古圣体Lv11	1	1	1	0
1	荒古圣体Lv12	1	1	1	0
1	荒古圣体Lv13	1	1	1	0
1	荒古圣体Lv14	1	1	1	0
1	荒古圣体Lv15	1	1	1	0
1	荒古圣体Lv16	1	1	1	0
1	荒古圣体Lv17	1	1	1	0
1	荒古圣体Lv18	1	1	1	0
1	荒古圣体Lv19	1	1	1	0
1	荒古圣体Lv20	1	1	1	0
1	荒古圣体Lv21	1	1	1	0
1	荒古圣体Lv22	1	1	1	0
1	荒古圣体Lv23	1	1	1	0
1	荒古圣体Lv24	1	1	1	0
1	荒古圣体Lv25	1	1	1	0
1	荒古圣体Lv26	1	1	1	0
1	荒古圣体Lv27	1	1	1	0
1	荒古圣体Lv28	1	1	1	0
1	荒古圣体Lv29	1	1	1	0
1	荒古圣体Lv30	1	1	1	0
1	天魔妖体Lv1	1	1	1	0
1	天魔妖体Lv2	1	1	1	0
1	天魔妖体Lv3	1	1	1	0
1	天魔妖体Lv4	1	1	1	0
1	天魔妖体Lv5	1	1	1	0
1	天魔妖体Lv6	1	1	1	0
1	天魔妖体Lv7	1	1	1	0
1	天魔妖体Lv8	1	1	1	0
1	天魔妖体Lv9	1	1	1	0
1	天魔妖体Lv10	1	1	1	0
1	天魔妖体Lv11	1	1	1	0
1	天魔妖体Lv12	1	1	1	0
1	天魔妖体Lv13	1	1	1	0
1	天魔妖体Lv14	1	1	1	0
1	天魔妖体Lv15	1	1	1	0
1	天魔妖体Lv16	1	1	1	0
1	天魔妖体Lv17	1	1	1	0
1	天魔妖体Lv18	1	1	1	0
1	天魔妖体Lv19	1	1	1	0
1	天魔妖体Lv20	1	1	1	0
1	天魔妖体Lv21	1	1	1	0
1	天魔妖体Lv22	1	1	1	0
1	天魔妖体Lv23	1	1	1	0
1	天魔妖体Lv24	1	1	1	0
1	天魔妖体Lv25	1	1	1	0
1	天魔妖体Lv26	1	1	1	0
1	天魔妖体Lv27	1	1	1	0
1	天魔妖体Lv28	1	1	1	0
1	天魔妖体Lv29	1	1	1	0
1	天魔妖体Lv30	1	1	1	0
1	天命之体Lv1	1	1	1	0
1	天命之体Lv2	1	1	1	0
1	天命之体Lv3	1	1	1	0
1	天命之体Lv4	1	1	1	0
1	天命之体Lv5	1	1	1	0
1	天命之体Lv6	1	1	1	0
1	天命之体Lv7	1	1	1	0
1	天命之体Lv8	1	1	1	0
1	天命之体Lv9	1	1	1	0
1	天命之体Lv10	1	1	1	0
1	天命之体Lv11	1	1	1	0
1	天命之体Lv12	1	1	1	0
1	天命之体Lv13	1	1	1	0
1	天命之体Lv14	1	1	1	0
1	天命之体Lv15	1	1	1	0
1	天命之体Lv16	1	1	1	0
1	天命之体Lv17	1	1	1	0
1	天命之体Lv18	1	1	1	0
1	天命之体Lv19	1	1	1	0
1	天命之体Lv20	1	1	1	0
1	天命之体Lv21	1	1	1	0
1	天命之体Lv22	1	1	1	0
1	天命之体Lv23	1	1	1	0
1	天命之体Lv24	1	1	1	0
1	天命之体Lv25	1	1	1	0
1	天命之体Lv26	1	1	1	0
1	天命之体Lv27	1	1	1	0
1	天命之体Lv28	1	1	1	0
1	天命之体Lv29	1	1	1	0
1	天命之体Lv30	1	1	1	0
1	神魔之体Lv1	1	1	1	0
1	神魔之体Lv2	1	1	1	0
1	神魔之体Lv3	1	1	1	0
1	神魔之体Lv4	1	1	1	0
1	神魔之体Lv5	1	1	1	0
1	神魔之体Lv6	1	1	1	0
1	神魔之体Lv7	1	1	1	0
1	神魔之体Lv8	1	1	1	0
1	神魔之体Lv9	1	1	1	0
1	神魔之体Lv10	1	1	1	0
1	神魔之体Lv11	1	1	1	0
1	神魔之体Lv12	1	1	1	0
1	神魔之体Lv13	1	1	1	0
1	神魔之体Lv14	1	1	1	0
1	神魔之体Lv15	1	1	1	0
1	神魔之体Lv16	1	1	1	0
1	神魔之体Lv17	1	1	1	0
1	神魔之体Lv18	1	1	1	0
1	神魔之体Lv19	1	1	1	0
1	神魔之体Lv20	1	1	1	0
1	朱雀神兽Lv1	1	1	1	0
1	朱雀神兽Lv2	1	1	1	0
1	朱雀神兽Lv3	1	1	1	0
1	朱雀神兽Lv4	1	1	1	0
1	朱雀神兽Lv5	1	1	1	0
1	朱雀神兽Lv6	1	1	1	0
1	朱雀神兽Lv7	1	1	1	0
1	朱雀神兽Lv8	1	1	1	0
1	朱雀神兽Lv9	1	1	1	0
1	朱雀神兽Lv10	1	1	1	0
1	朱雀神兽Lv11	1	1	1	0
1	朱雀神兽Lv12	1	1	1	0
1	朱雀神兽Lv13	1	1	1	0
1	朱雀神兽Lv14	1	1	1	0
1	朱雀神兽Lv15	1	1	1	0
1	玄武神兽Lv1	1	1	1	0
1	玄武神兽Lv2	1	1	1	0
1	玄武神兽Lv3	1	1	1	0
1	玄武神兽Lv4	1	1	1	0
1	玄武神兽Lv5	1	1	1	0
1	玄武神兽Lv6	1	1	1	0
1	玄武神兽Lv7	1	1	1	0
1	玄武神兽Lv8	1	1	1	0
1	玄武神兽Lv9	1	1	1	0
1	玄武神兽Lv10	1	1	1	0
1	玄武神兽Lv11	1	1	1	0
1	玄武神兽Lv12	1	1	1	0
1	玄武神兽Lv13	1	1	1	0
1	玄武神兽Lv14	1	1	1	0
1	玄武神兽Lv15	1	1	1	0
1	青龙神兽Lv1	1	1	1	0
1	青龙神兽Lv2	1	1	1	0
1	青龙神兽Lv3	1	1	1	0
1	青龙神兽Lv4	1	1	1	0
1	青龙神兽Lv5	1	1	1	0
1	青龙神兽Lv6	1	1	1	0
1	青龙神兽Lv7	1	1	1	0
1	青龙神兽Lv8	1	1	1	0
1	青龙神兽Lv9	1	1	1	0
1	青龙神兽Lv10	1	1	1	0
1	青龙神兽Lv11	1	1	1	0
1	青龙神兽Lv12	1	1	1	0
1	青龙神兽Lv13	1	1	1	0
1	青龙神兽Lv14	1	1	1	0
1	青龙神兽Lv15	1	1	1	0
1	白虎神兽Lv1	1	1	1	0
1	白虎神兽Lv2	1	1	1	0
1	白虎神兽Lv3	1	1	1	0
1	白虎神兽Lv4	1	1	1	0
1	白虎神兽Lv5	1	1	1	0
1	白虎神兽Lv6	1	1	1	0
1	白虎神兽Lv7	1	1	1	0
1	白虎神兽Lv8	1	1	1	0
1	白虎神兽Lv9	1	1	1	0
1	白虎神兽Lv10	1	1	1	0
1	白虎神兽Lv11	1	1	1	0
1	白虎神兽Lv12	1	1	1	0
1	白虎神兽Lv13	1	1	1	0
1	白虎神兽Lv14	1	1	1	0
1	白虎神兽Lv15	1	1	1	0
1	强身Lv31	1	1	1	0
1	强身Lv32	1	1	1	0
1	强身Lv33	1	1	1	0
1	强身Lv34	1	1	1	0
1	强身Lv35	1	1	1	0
1	强身Lv36	1	1	1	0
1	强身Lv37	1	1	1	0
1	强身Lv38	1	1	1	0
1	强身Lv39	1	1	1	0
1	强身Lv40	1	1	1	0
1	强身Lv41	1	1	1	0
1	强身Lv42	1	1	1	0
1	强身Lv43	1	1	1	0
1	强身Lv44	1	1	1	0
1	强身Lv45	1	1	1	0
1	强身Lv46	1	1	1	0
1	强身Lv47	1	1	1	0
1	强身Lv48	1	1	1	0
1	强身Lv49	1	1	1	0
1	强身Lv50	1	1	1	0
1	神佑Lv1	1	1	1	0
1	神佑Lv2	1	1	1	0
1	神佑Lv3	1	1	1	0
1	神佑Lv4	1	1	1	0
1	神佑Lv5	1	1	1	0
1	神佑Lv6	1	1	1	0
1	神佑Lv7	1	1	1	0
1	神佑Lv8	1	1	1	0
1	神佑Lv9	1	1	1	0
1	神佑Lv10	1	1	1	0
1	神佑Lv11	1	1	1	0
1	神佑Lv12	1	1	1	0
1	神佑Lv13	1	1	1	0
1	神佑Lv14	1	1	1	0
1	神佑Lv15	1	1	1	0
1	神佑Lv16	1	1	1	0
1	神佑Lv17	1	1	1	0
1	神佑Lv18	1	1	1	0
1	神佑Lv19	1	1	1	0
1	神佑Lv20	1	1	1	0
1	神佑Lv21	1	1	1	0
1	神佑Lv22	1	1	1	0
1	神佑Lv23	1	1	1	0
1	神佑Lv24	1	1	1	0
1	神佑Lv25	1	1	1	0
1	神佑Lv26	1	1	1	0
1	神佑Lv27	1	1	1	0
1	神佑Lv28	1	1	1	0
1	神佑Lv29	1	1	1	0
1	神佑Lv30	1	1	1	0
1	强力Lv1	1	1	1	0
1	强力Lv2	1	1	1	0
1	强力Lv3	1	1	1	0
1	强力Lv4	1	1	1	0
1	强力Lv5	1	1	1	0
1	强力Lv6	1	1	1	0
1	强力Lv7	1	1	1	0
1	强力Lv8	1	1	1	0
1	强力Lv9	1	1	1	0
1	强力Lv10	1	1	1	0
1	强力Lv11	1	1	1	0
1	强力Lv12	1	1	1	0
1	强力Lv13	1	1	1	0
1	强力Lv14	1	1	1	0
1	强力Lv15	1	1	1	0
1	强力Lv16	1	1	1	0
1	强力Lv17	1	1	1	0
1	强力Lv18	1	1	1	0
1	强力Lv19	1	1	1	0
1	强力Lv20	1	1	1	0
1	强力Lv21	1	1	1	0
1	强力Lv22	1	1	1	0
1	强力Lv23	1	1	1	0
1	强力Lv24	1	1	1	0
1	强力Lv25	1	1	1	0
1	强力Lv26	1	1	1	0
1	强力Lv27	1	1	1	0
1	强力Lv28	1	1	1	0
1	强力Lv29	1	1	1	0
1	强力Lv30	1	1	1	0
1	通天一层	1	1	1	0
1	通天二层	1	1	1	0
1	通天三层	1	1	1	0
1	通天四层	1	1	1	0
1	通天五层	1	1	1	0
1	通天六层	1	1	1	0
1	通天七层	1	1	1	0
1	通天八层	1	1	1	0
1	通天九层	1	1	1	0
1	通天十层	1	1	1	0
1	通天十一层	1	1	1	0
1	通天十二层	1	1	1	0
1	通天十三层	1	1	1	0
1	通天十四层	1	1	1	0
1	通天十五层	1	1	1	0
1	通地一层	1	1	1	0
1	通地二层	1	1	1	0
1	通地三层	1	1	1	0
1	通地四层	1	1	1	0
1	通地五层	1	1	1	0
1	通地六层	1	1	1	0
1	通地七层	1	1	1	0
1	通地八层	1	1	1	0
1	通地九层	1	1	1	0
1	通地十层	1	1	1	0
1	通地十一层	1	1	1	0
1	通地十二层	1	1	1	0
1	通地十三层	1	1	1	0
1	通地十四层	1	1	1	0
1	通地十五层	1	1	1	0
1	通神一层	1	1	1	0
1	通神二层	1	1	1	0
1	通神三层	1	1	1	0
1	通神四层	1	1	1	0
1	通神五层	1	1	1	0
1	通神六层	1	1	1	0
1	通神七层	1	1	1	0
1	通神八层	1	1	1	0
1	通神九层	1	1	1	0
1	通神十层	1	1	1	0
1	通神十一层	1	1	1	0
1	通神十二层	1	1	1	0
1	通神十三层	1	1	1	0
1	通神十四层	1	1	1	0
1	通神十五层	1	1	1	0
1	通圣一层	1	1	1	0
1	通圣二层	1	1	1	0
1	通圣三层	1	1	1	0
1	通圣四层	1	1	1	0
1	通圣五层	1	1	1	0
1	通圣六层	1	1	1	0
1	通圣七层	1	1	1	0
1	通圣八层	1	1	1	0
1	通圣九层	1	1	1	0
1	通圣十层	1	1	1	0
1	通圣十一层	1	1	1	0
1	通圣十二层	1	1	1	0
1	通圣十三层	1	1	1	0
1	通圣十四层	1	1	1	0
1	通圣十五层	1	1	1	0
1	首充大使	1	1	1	0
1	每日土豪	1	1	1	0
1	每日富豪	1	1	1	0
1	每日大富豪	1	1	1	0
1	称号备用	1	1	1	0
1	称号备用	1	1	1	0
1	称号备用	1	1	1	0
1	称号备用	1	1	1	0
1	称号备用	1	1	1	0
1	称号备用	1	1	1	0
1	称号备用	1	1	1	0
1	称号备用	1	1	1	0
1	称号备用	1	1	1	0
1	称号备用	1	1	1	0
1	称号备用	1	1	1	0
1	称号备用	1	1	1	0
1	称号备用	1	1	1	0
1	称号备用	1	1	1	0
1	称号备用	1	1	1	0
1	称号备用	1	1	1	0
1	称号备用	1	1	1	0
1	称号备用	1	1	1	0
1	称号备用	1	1	1	0
1	称号备用	1	1	1	0
1	称号备用	1	1	1	0
1	称号备用	1	1	1	0
1	称号备用	1	1	1	0
1	称号备用	1	1	1	0
1	称号备用	1	1	1	0
1	称号备用	1	1	1	0
1	称号备用	1	1	1	0
1	称号备用	1	1	1	0
1	称号备用	1	1	1	0
1	称号备用	1	1	1	0
1	称号备用	1	1	1	0
1	称号备用	1	1	1	0
2	-------境界---------	1	1	1	0
1	洗髓境	1	1	1	0
1	辟谷境	1	1	1	0
1	融合境	1	1	1	0
1	练气境	1	1	1	0
1	筑基境	1	1	1	0
1	金丹境	1	1	1	0
1	元婴境	1	1	1	0
1	出窍境	1	1	1	0
1	分神境	1	1	1	0
1	合体境	1	1	1	0
1	渡劫境	1	1	1	0
1	大乘境	1	1	1	0
1	散仙境	1	1	1	0
1	地仙境	1	1	1	0
1	人仙境	1	1	1	0
1	天仙境	1	1	1	0
1	金仙境	1	1	1	0
1	玄仙境	1	1	1	0
1	仙君境	1	1	1	0
1	仙帝境	1	1	1	0
1	仙尊境	1	1	1	0
1	神人境	1	1	1	0
1	天神境	1	1	1	0
1	玄神境	1	1	1	0
1	神王境	1	1	1	0
1	神君境	1	1	1	0
1	真神境	1	1	1	0
1	天帝境	1	1	1	0
1	神帝境	1	1	1	0
1	天尊境	1	1	1	0
1	主宰境	1	1	1	0
1	备用1	1	1	1	0
1	备用	1	1	1	0
1	备用	1	1	1	0
2	-------福符---------	1	1	1	0
6	福星高照符[V1]	1	1	1	0
6	顺风顺水符[V2]	1	1	1	0
6	鸿运当头符[V3]	1	1	1	0
6	喜气洋洋符[V4]	1	1	1	0
6	吉祥如意符[V5]	1	1	1	0
6	春风得意符[V6]	1	1	1	0
6	金榜题名符[V7]	1	1	1	0
6	福如东海符[V8]	1	1	1	0
6	笑口常开符[V9]	1	1	1	0
6	一帆风顺符[V10]	1	1	1	0
6	花开富贵符[V11]	1	1	1	0
6	大吉大利符[V12]	1	1	1	0
6	天降横财符[V13]	1	1	1	0
6	吉星高照符[V14]	1	1	1	0
6	安康福寿符[V15]	1	1	1	0
6	心想事成符[V16]	1	1	1	0
6	福禄寿喜符[V17]	1	1	1	0
6	招财进宝符[V18]	1	1	1	0
6	锦绣前程符[V19]	1	1	1	0
6	一本万利符[V20]	1	1	1	0
6	一马平川符[V21]	1	1	1	0
6	紫气东来符[V22]	1	1	1	0
6	步步高升符[V23]	1	1	1	0
6	金玉满堂符[V24]	1	1	1	0
6	梦想成真符[V25]	1	1	1	0
2	-------勋章---------	1	1	1	0
7	青铜勋章	1	1	1	0
7	白银勋章	1	1	1	0
7	黄金勋章	1	1	1	0
7	铂金勋章	1	1	1	0
7	钻石勋章	1	1	1	0
7	星耀勋章	1	1	1	0
7	王者勋章	1	1	1	0
7	传奇勋章	1	1	1	0
7	荣耀勋章	1	1	1	0
7	至尊勋章	1	1	1	0
7	无上勋章	1	1	1	0
7	帝王勋章	1	1	1	0
7	一刀勋章	1	1	1	0
7	烈火勋章	1	1	1	0
7	蓝月复古勋章	1	1	1	0
7	勋章备用	1	1	1	0
7	勋章备用	1	1	1	0
7	勋章备用	1	1	1	0
7	勋章备用	1	1	1	0
7	勋章备用	1	1	1	0
7	勋章备用	1	1	1	0
7	勋章备用	1	1	1	0
7	勋章备用	1	1	1	0
7	勋章备用	1	1	1	0
7	勋章备用	1	1	1	0
7	勋章备用	1	1	1	0
7	勋章备用	1	1	1	0
7	勋章备用	1	1	1	0
7	勋章备用	1	1	1	0
7	勋章备用	1	1	1	0
7	勋章备用	1	1	1	0
7	勋章备用	1	1	1	0
2	--------斗笠---------	1	1	1	0
1	青铜斗笠	1	1	1	0
1	白银斗笠	1	1	1	0
1	黄金斗笠	1	1	1	0
1	铂金斗笠	1	1	1	0
1	钻石斗笠	1	1	1	0
1	星耀斗笠	1	1	1	0
1	王者斗笠	1	1	1	0
1	传奇斗笠	1	1	1	0
1	荣耀斗笠	1	1	1	0
1	至尊斗笠	1	1	1	0
1	无上斗笠	1	1	1	0
1	帝王斗笠	1	1	1	0
1	一刀斗笠	1	1	1	0
1	烈火斗笠	1	1	1	0
1	蓝月复古斗笠	1	1	1	0
1	斗笠备用	1	1	1	0
1	斗笠备用	1	1	1	0
1	斗笠备用	1	1	1	0
1	斗笠备用	1	1	1	0
1	斗笠备用	1	1	1	0
1	斗笠备用	1	1	1	0
1	斗笠备用	1	1	1	0
1	斗笠备用	1	1	1	0
1	斗笠备用	1	1	1	0
1	斗笠备用	1	1	1	0
1	斗笠备用	1	1	1	0
1	斗笠备用	1	1	1	0
1	斗笠备用	1	1	1	0
1	斗笠备用	1	1	1	0
1	斗笠备用	1	1	1	0
2	------血玉---------	1	1	1	0
7	魔血石Lv.1	1	1	1	0
7	魔血石Lv.2	1	1	1	0
7	魔血石Lv.3	1	1	1	0
7	魔血石Lv.4	1	1	1	0
7	魔血石Lv.5	1	1	1	0
7	魔血石Lv.6	1	1	1	0
7	魔血石Lv.7	1	1	1	0
7	魔血石Lv.8	1	1	1	0
7	魔血石Lv.9	1	1	1	0
7	魔血石.Max	1	1	1	0
7	沃玛血石	1	1	1	0
7	祖玛血石	1	1	1	0
7	赤月血石	1	1	1	0
7	黄金血石	1	1	1	0
7	魔龙血石	1	1	1	0
7	武神血石	1	1	1	0
7	轩辕血石	1	1	1	0
7	圣・轩辕血石	1	1	1	0
7	神・轩辕血石	1	1	1	0
7	蓝月复古・血石	1	1	1	0
7	血玉备用	1	1	1	0
7	血玉备用	1	1	1	0
7	血玉备用	1	1	1	0
7	血玉备用	1	1	1	0
7	血玉备用	1	1	1	0
7	血玉备用	1	1	1	0
2	--------宝石---------	1	1	1	0
6	一星宝石	1	1	1	0
6	二星宝石	1	1	1	0
6	三星宝石	1	1	1	0
6	四星宝石	1	1	1	0
6	五星宝石	1	1	1	0
6	六星宝石	1	1	1	0
6	七星宝石	1	1	1	0
6	八星宝石	1	1	1	0
6	九星宝石	1	1	1	0
6	至尊宝石	1	1	1	0
6	宝石备用	1	1	1	0
6	宝石备用	1	1	1	0
6	宝石备用	1	1	1	0
6	宝石备用	1	1	1	0
6	宝石备用	1	1	1	0
6	宝石备用	1	1	1	0
6	宝石备用	1	1	1	0
6	宝石备用	1	1	1	0
6	宝石备用	1	1	1	0
6	宝石备用	1	1	1	0
6	宝石备用	1	1	1	0
6	宝石备用	1	1	1	0
6	宝石备用	1	1	1	0
6	宝石备用	1	1	1	0
6	宝石备用	1	1	1	0
6	宝石备用	1	1	1	0
6	宝石备用	1	1	1	0
6	宝石备用	1	1	1	0
6	宝石备用	1	1	1	0
6	宝石备用	1	1	1	0
6	宝石备用	1	1	1	0
6	宝石备用	1	1	1	0
2	--------盾牌---------	1	1	1	0
1	包工盾牌	1	1	1	0
1	短工盾牌	1	1	1	0
1	长工盾牌	1	1	1	0
1	中农盾牌	1	1	1	0
1	富农盾牌	1	1	1	0
1	掌柜盾牌	1	1	1	0
1	商人盾牌	1	1	1	0
1	财主盾牌	1	1	1	0
1	县尉盾牌	1	1	1	0
1	县丞盾牌	1	1	1	0
1	县令盾牌	1	1	1	0
1	通判盾牌	1	1	1	0
1	主事盾牌	1	1	1	0
1	知府盾牌	1	1	1	0
1	员外盾牌	1	1	1	0
1	郎中盾牌	1	1	1	0
1	侍郎盾牌	1	1	1	0
1	巡抚盾牌	1	1	1	0
1	总督盾牌	1	1	1	0
1	尚书盾牌	1	1	1	0
1	学士盾牌	1	1	1	0
1	太保盾牌	1	1	1	0
1	太傅盾牌	1	1	1	0
1	太师盾牌	1	1	1	0
1	三等伯盾	1	1	1	0
1	二等伯盾	1	1	1	0
1	一等伯盾	1	1	1	0
1	三等侯盾	1	1	1	0
1	二等侯盾	1	1	1	0
1	一等侯盾	1	1	1	0
1	辅国公盾	1	1	1	0
1	镇国公盾	1	1	1	0
1	郡王盾牌	1	1	1	0
1	亲王盾牌	1	1	1	0
1	至尊盾牌	1	1	1	0
1	一刀盾牌	1	1	1	0
1	烈火盾牌	1	1	1	0
1	蓝月复古盾牌	1	1	1	0
1	无用伯盾	1	1	1	0
1	无用伯盾	1	1	1	0
2	------十二生肖---------	1	1	1	0
1	人阶・子鼠	1	1	1	0
1	人阶・丑牛	1	1	1	0
1	人阶・寅虎	1	1	1	0
1	人阶・卯兔	1	1	1	0
1	人阶・辰龙	1	1	1	0
1	人阶・巳蛇	1	1	1	0
1	人阶・午马	1	1	1	0
1	人阶・未羊	1	1	1	0
1	人阶・申猴	1	1	1	0
1	人阶・酉鸡	1	1	1	0
1	人阶・戌狗	1	1	1	0
1	人阶・亥猪	1	1	1	0
1	灵阶・子鼠	1	1	1	0
1	灵阶・丑牛	1	1	1	0
1	灵阶・寅虎	1	1	1	0
1	灵阶・卯兔	1	1	1	0
1	灵阶・辰龙	1	1	1	0
1	灵阶・巳蛇	1	1	1	0
1	灵阶・午马	1	1	1	0
1	灵阶・未羊	1	1	1	0
1	灵阶・申猴	1	1	1	0
1	灵阶・酉鸡	1	1	1	0
1	灵阶・戌狗	1	1	1	0
1	灵阶・亥猪	1	1	1	0
1	地阶・子鼠	1	1	1	0
1	地阶・丑牛	1	1	1	0
1	地阶・寅虎	1	1	1	0
1	地阶・卯兔	1	1	1	0
1	地阶・辰龙	1	1	1	0
1	地阶・巳蛇	1	1	1	0
1	地阶・午马	1	1	1	0
1	地阶・未羊	1	1	1	0
1	地阶・申猴	1	1	1	0
1	地阶・酉鸡	1	1	1	0
1	地阶・戌狗	1	1	1	0
1	地阶・亥猪	1	1	1	0
1	天阶・子鼠	1	1	1	0
1	天阶・丑牛	1	1	1	0
1	天阶・寅虎	1	1	1	0
1	天阶・卯兔	1	1	1	0
1	天阶・辰龙	1	1	1	0
1	天阶・巳蛇	1	1	1	0
1	天阶・午马	1	1	1	0
1	天阶・未羊	1	1	1	0
1	天阶・申猴	1	1	1	0
1	天阶・酉鸡	1	1	1	0
1	天阶・戌狗	1	1	1	0
1	天阶・亥猪	1	1	1	0
1	神级・子鼠	1	1	1	0
1	神级・丑牛	1	1	1	0
1	神级・寅虎	1	1	1	0
1	神级・卯兔	1	1	1	0
1	神级・辰龙	1	1	1	0
1	神级・巳蛇	1	1	1	0
1	神级・午马	1	1	1	0
1	神级・未羊	1	1	1	0
1	神级・申猴	1	1	1	0
1	神级・酉鸡	1	1	1	0
1	神级・戌狗	1	1	1	0
1	神级・亥猪	1	1	1	0
1	圣级・子鼠	1	1	1	0
1	圣级・丑牛	1	1	1	0
1	圣级・寅虎	1	1	1	0
1	圣级・卯兔	1	1	1	0
1	圣级・辰龙	1	1	1	0
1	圣级・巳蛇	1	1	1	0
1	圣级・午马	1	1	1	0
1	圣级・未羊	1	1	1	0
1	圣级・申猴	1	1	1	0
1	圣级・酉鸡	1	1	1	0
1	圣级・戌狗	1	1	1	0
1	圣级・亥猪	1	1	1	0
1	生肖・鼠(完美)	1	1	1	0
1	生肖・牛(完美)	1	1	1	0
1	生肖・虎(完美)	1	1	1	0
1	生肖・兔(完美)	1	1	1	0
1	生肖・龙(完美)	1	1	1	0
1	生肖・蛇(完美)	1	1	1	0
1	生肖・马(完美)	1	1	1	0
1	生肖・羊(完美)	1	1	1	0
1	生肖・猴(完美)	1	1	1	0
1	生肖・鸡(完美)	1	1	1	0
1	生肖・狗(完美)	1	1	1	0
1	生肖・猪(完美)	1	1	1	0
1	精灵鼠	1	1	1	0
1	绿毛牛	1	1	1	0
1	黑皮虎	1	1	1	0
1	兔女郎	1	1	1	0
1	金刚龙	1	1	1	0
1	美妖蛇	1	1	1	0
1	马队长	1	1	1	0
1	守护羊	1	1	1	0
1	暴力猴	1	1	1	0
1	憨憨鸡	1	1	1	0
1	霹雳狗	1	1	1	0
1	猪猪侠	1	1	1	0
1	灵鼠献瑞	1	1	1	0
1	牛气冲天	1	1	1	0
1	如虎添翼	1	1	1	0
1	势若脱兔	1	1	1	0
1	龙腾九天	1	1	1	0
1	金蛇狂舞	1	1	1	0
1	铁马金戈	1	1	1	0
1	羊致清和	1	1	1	0
1	金猴纳福	1	1	1	0
1	金鸡报晓	1	1	1	0
1	天狗守护	1	1	1	0
1	金猪如意	1	1	1	0
2	-----时装------	1	1	1	0
1	蓝月复古(男)	1	1	1	0
1	蓝月复古(女)	1	1	1	0
1	至尊宝(男)	1	1	1	0
1	紫霞仙子(女)	1	1	1	0
1	传奇皇帝(男)	1	1	1	0
1	传奇皇后(女)	1	1	1	0
1	吕布(男)	1	1	1	0
1	貂蝉(女)	1	1	1	0
1	夏日清凉(男)	1	1	1	0
1	夏日清凉(女)	1	1	1	0
1	黄金战士(男)	1	1	1	0
1	黄金法师(女)	1	1	1	0
1	侠骨柔情(男)	1	1	1	0
1	侠骨柔情(女)	1	1	1	0
1	圣・蓝月复古(男)	1	1	1	0
1	圣・蓝月复古(女)	1	1	1	0
1	圣・至尊宝(男)	1	1	1	0
1	圣・紫霞仙子(女)	1	1	1	0
1	圣・传奇皇帝(男)	1	1	1	0
1	圣・传奇皇后(女)	1	1	1	0
1	圣・吕布(男)	1	1	1	0
1	圣・貂蝉(女)	1	1	1	0
1	圣・夏日清凉(男)	1	1	1	0
1	圣・夏日清凉(女)	1	1	1	0
1	圣・黄金战士(男)	1	1	1	0
1	圣・黄金法师(女)	1	1	1	0
1	圣・侠骨柔情(男)	1	1	1	0
1	圣・侠骨柔情(女)	1	1	1	0
1	神・蓝月复古(男)	1	1	1	0
1	神・蓝月复古(女)	1	1	1	0
1	神・至尊宝(男)	1	1	1	0
1	神・紫霞仙子(女)	1	1	1	0
1	神・传奇皇帝(男)	1	1	1	0
1	神・传奇皇后(女)	1	1	1	0
1	神・吕布(男)	1	1	1	0
1	神・貂蝉(女)	1	1	1	0
1	神・夏日清凉(男)	1	1	1	0
1	神・夏日清凉(女)	1	1	1	0
1	神・黄金战士(男)	1	1	1	0
1	神・黄金法师(女)	1	1	1	0
1	神・侠骨柔情(男)	1	1	1	0
1	神・侠骨柔情(女)	1	1	1	0
1	神・猎魔少年(男)	1	1	1	0
1	神・猎魔少女(女)	1	1	1	0
1	神・西装暴徒(男)	1	1	1	0
1	神・西装暴徒(女)	1	1	1	0
1	神・李小龙(男)	1	1	1	0
1	神・李小凤(女)	1	1	1	0
1	神・龙鳞法师(男)	1	1	1	0
1	神・龙鳞法师(女)	1	1	1	0
1	神・锦衣卫(男)	1	1	1	0
1	神・锦衣卫(女)	1	1	1	0
1	神・武林盟主(男)	1	1	1	0
1	神・武林盟主(女)	1	1	1	0
1	神・屠龙勇士(男)	1	1	1	0
1	神・屠龙勇士(女)	1	1	1	0
2	--------双击触发---------	1	1	1	0
1	黄金宝箱	1	1	1	0
1	黄金钥匙	1	1	1	0
1	5000万经验卷	1	1	1	0
1	1亿经验卷	1	1	1	0
1	2亿经验卷	1	1	1	0
1	5亿经验卷	1	1	1	0
1	勋章碎片(小)	1	1	1	0
1	勋章碎片(中)	1	1	1	0
1	勋章碎片(大)	1	1	1	0
1	勋章碎片(特)	1	1	1	0
1	经验丹(小)	1	1	1	0
1	经验丹(中)	1	1	1	0
1	经验丹(大)	1	1	1	0
1	聚灵珠(中)	1	1	1	0
1	聚灵珠(大)	1	1	1	0
1	聚灵珠(超)	1	1	1	0
1	1点功勋卷	1	1	1	0
1	2点功勋卷	1	1	1	0
1	5点功勋卷	1	1	1	0
1	25点功勋卷	1	1	1	0
1	50点功勋卷	1	1	1	0
1	100点功勋卷	1	1	1	0
1	500点功勋卷	1	1	1	0
1	1000点功勋卷	1	1	1	0
1	2000点功勋卷	1	1	1	0
1	5000点功勋卷	1	1	1	0
1	10000点功勋卷	1	1	1	0
1	20000点功勋卷	1	1	1	0
1	50000点功勋卷	1	1	1	0
1	1点摸鱼值	1	1	1	0
1	5点摸鱼值	1	1	1	0
1	10点摸鱼值	1	1	1	0
1	50点摸鱼值	1	1	1	0
1	100点摸鱼值	1	1	1	0
1	500点摸鱼值	1	1	1	0
1	1000点摸鱼值	1	1	1	0
1	5000点摸鱼值	1	1	1	0
1	10000摸鱼值	1	1	1	0
1	首充礼包	1	1	1	0
1	5元宝	1	1	1	0
1	10元宝	1	1	1	0
1	20元宝	1	1	1	0
1	50元宝	1	1	1	0
1	100元宝	1	1	1	0
1	500元宝	1	1	1	0
1	1000元宝	1	1	1	0
1	5000元宝	1	1	1	0
1	10000元宝	1	1	1	0
1	50000元宝	1	1	1	0
1	100000元宝	1	1	1	0
1	200000元宝	1	1	1	0
1	500000元宝	1	1	1	0
1	100W元宝	1	1	1	0
1	200W元宝	1	1	1	0
1	500W元宝	1	1	1	0
1	1000W元宝	1	1	1	0
1	1点卷	1	1	1	0
1	2点卷	1	1	1	0
1	5点卷	1	1	1	0
1	10点卷	1	1	1	0
1	20点卷	1	1	1	0
1	100点卷	1	1	1	0
1	500点卷	1	1	1	0
1	1000点卷	1	1	1	0
1	2000点卷	1	1	1	0
1	5000点卷	1	1	1	0
1	1灵符	1	1	1	0
1	2灵符	1	1	1	0
1	5灵符	1	1	1	0
1	10灵符	1	1	1	0
1	20灵符	1	1	1	0
1	50灵符	1	1	1	0
1	100灵符	1	1	1	0
1	200灵符	1	1	1	0
1	500灵符	1	1	1	0
1	1000灵符	1	1	1	0
1	2000灵符	1	1	1	0
1	5000灵符	1	1	1	0
1	3元红包	1	1	1	0
1	1元红包	1	1	1	0
1	2元红包	1	1	1	0
1	5元红包	1	1	1	0
1	10元红包	1	1	1	0
1	5毛红包	1	1	1	0
1	双击触发备用	1	1	1	0
1	属性还原卷	1	1	1	0
1	极品一星珠	1	1	1	0
1	极品二星珠	1	1	1	0
1	极品三星珠	1	1	1	0
1	极品四星珠	1	1	1	0
1	极品五星珠	1	1	1	0
1	极品六星珠	1	1	1	0
1	极品七星珠	1	1	1	0
1	极品八星珠	1	1	1	0
1	极品九星珠	1	1	1	0
1	双击触发备用	1	1	1	0
1	双击触发备用	1	1	1	0
1	双击触发备用	1	1	1	0
1	双击触发备用	1	1	1	0
1	双击触发备用	1	1	1	0
1	双击触发备用	1	1	1	0
1	双击触发备用	1	1	1	0
1	双击触发备用	1	1	1	0
1	双击触发备用	1	1	1	0
1	双击触发备用	1	1	1	0
1	双击触发备用	1	1	1	0
1	双击触发备用	1	1	1	0
1	双击触发备用	1	1	1	0
1	双击触发备用	1	1	1	0
1	双击触发备用	1	1	1	0
2	--------材料---------	1	1	1	0
1	1元红包1	1	1	1	0
1	2元红包2	1	1	1	0
1	5元红包3	1	1	1	0
1	一把开孔的锤子	1	1	1	0
1	二十人民币	1	1	1	0
1	五十人民币	1	1	1	0
1	力量之源	1	1	1	0
1	神火令	1	1	1	0
1	信仰之源	1	1	1	0
1	经验卷轴	1	1	1	0
1	宝箱钥匙	1	1	1	0
2	陪练宝宝	1	1	1	0
1	黑铁矿石	1	1	1	0
1	护盾精华	1	1	1	0
1	天之神铁	1	1	1	0
1	武器转移石+5	1	1	1	0
1	武器转移石+6	1	1	1	0
1	武器转移石+7	1	1	1	0
1	称号证明	1	1	1	0
1	孙子兵法	1	1	1	0
1	炫光神石11	1	1	1	0
1	炼器炉	1	1	1	0
1	炼器炉(天级)	1	1	1	0
1	女娲补天神石	1	1	1	0
1	赤炎石	1	1	1	0
1	秘籍残页11	1	1	1	0
1	附魔石	1	1	1	0
1	转移石+3	1	1	1	0
1	转移石+5	1	1	1	0
1	经验宝箱	1	1	1	0
1	龙	1	1	1	0
1	帝	1	1	1	0
1	快捷功能11	1	1	1	0
1	炫光神石	1	1	1	0
1	梦想神石	1	1	1	0
1	悟空宝石	1	1	1	0
1	天命宝盘	1	1	1	0
1	轮回竹叶	1	1	1	0
1	命运莲花	1	1	1	0
1	极品星石	1	1	1	0
1	鸿蒙红石	1	1	1	0
2	===========	1	1	1	0
1	摸鱼达人Lv1	1	1	1	0
1	摸鱼达人Lv2	1	1	1	0
1	摸鱼达人Lv3	1	1	1	0
1	摸鱼达人Lv4	1	1	1	0
1	摸鱼达人Lv5	1	1	1	0
1	摸鱼达人Lv6	1	1	1	0
1	摸鱼达人Lv7	1	1	1	0
1	摸鱼达人Lv8	1	1	1	0
1	摸鱼达人Lv9	1	1	1	0
1	摸鱼达人Lv10	1	1	1	0
1	摸鱼达人Lv11	1	1	1	0
1	摸鱼达人Lv12	1	1	1	0
1	摸鱼达人Lv13	1	1	1	0
1	摸鱼达人Lv14	1	1	1	0
1	摸鱼达人Lv15	1	1	1	0
1	摸鱼达人Lv16	1	1	1	0
1	摸鱼达人Lv17	1	1	1	0
1	摸鱼达人Lv18	1	1	1	0
1	摸鱼达人Lv19	1	1	1	0
1	摸鱼达人Lv20	1	1	1	0
1	摸鱼达人Lv21	1	1	1	0
1	摸鱼达人Lv22	1	1	1	0
1	摸鱼达人Lv23	1	1	1	0
1	摸鱼达人Lv24	1	1	1	0
1	摸鱼达人Lv25	1	1	1	0
1	摸鱼达人Lv26	1	1	1	0
1	摸鱼达人Lv27	1	1	1	0
1	摸鱼达人Lv28	1	1	1	0
1	摸鱼达人Lv29	1	1	1	0
1	摸鱼达人Lv30	1	1	1	0
1	摸鱼达人Lv31	1	1	1	0
1	摸鱼达人Lv32	1	1	1	0
1	摸鱼达人Lv33	1	1	1	0
1	摸鱼达人Lv34	1	1	1	0
1	摸鱼达人Lv35	1	1	1	0
1	摸鱼达人Lv36	1	1	1	0
1	摸鱼达人Lv37	1	1	1	0
1	摸鱼达人Lv38	1	1	1	0
1	摸鱼达人Lv39	1	1	1	0
1	摸鱼达人Lv40	1	1	1	0
1	摸鱼达人Lv41	1	1	1	0
1	摸鱼达人Lv42	1	1	1	0
1	摸鱼达人Lv43	1	1	1	0
1	摸鱼达人Lv44	1	1	1	0
1	摸鱼达人Lv45	1	1	1	0
1	摸鱼达人Lv46	1	1	1	0
1	摸鱼达人Lv47	1	1	1	0
1	摸鱼达人Lv48	1	1	1	0
1	摸鱼达人Lv49	1	1	1	0
1	摸鱼达人Lv50	1	1	1	0
1	摸鱼达人Lv51	1	1	1	0
1	摸鱼达人Lv52	1	1	1	0
1	摸鱼达人Lv53	1	1	1	0
1	摸鱼达人Lv54	1	1	1	0
1	摸鱼达人Lv55	1	1	1	0
1	摸鱼达人Lv56	1	1	1	0
1	摸鱼达人Lv57	1	1	1	0
1	摸鱼达人Lv58	1	1	1	0
1	摸鱼达人Lv59	1	1	1	0
1	摸鱼达人Lv60	1	1	1	0
1	摸鱼达人Lv61	1	1	1	0
1	摸鱼达人Lv62	1	1	1	0
1	摸鱼达人Lv63	1	1	1	0
1	摸鱼达人Lv64	1	1	1	0
1	摸鱼达人Lv65	1	1	1	0
1	摸鱼达人Lv66	1	1	1	0
1	摸鱼达人Lv67	1	1	1	0
1	摸鱼达人Lv68	1	1	1	0
1	摸鱼达人Lv69	1	1	1	0
1	摸鱼达人Lv70	1	1	1	0
1	摸鱼达人Lv71	1	1	1	0
1	摸鱼达人Lv72	1	1	1	0
1	摸鱼达人Lv73	1	1	1	0
1	摸鱼达人Lv74	1	1	1	0
1	摸鱼达人Lv75	1	1	1	0
1	摸鱼达人Lv76	1	1	1	0
1	摸鱼达人Lv77	1	1	1	0
1	摸鱼达人Lv78	1	1	1	0
1	摸鱼达人Lv79	1	1	1	0
1	摸鱼达人Lv80	1	1	1	0
1	摸鱼达人Lv81	1	1	1	0
1	摸鱼达人Lv82	1	1	1	0
1	摸鱼达人Lv83	1	1	1	0
1	摸鱼达人Lv84	1	1	1	0
1	摸鱼达人Lv85	1	1	1	0
1	摸鱼达人Lv86	1	1	1	0
1	摸鱼达人Lv87	1	1	1	0
1	摸鱼达人Lv88	1	1	1	0
1	摸鱼达人Lv89	1	1	1	0
1	摸鱼达人Lv90	1	1	1	0
1	摸鱼达人Lv91	1	1	1	0
1	摸鱼达人Lv92	1	1	1	0
1	摸鱼达人Lv93	1	1	1	0
1	摸鱼达人Lv94	1	1	1	0
1	摸鱼达人Lv95	1	1	1	0
1	摸鱼达人Lv96	1	1	1	0
1	摸鱼达人Lv97	1	1	1	0
1	摸鱼达人Lv98	1	1	1	0
1	摸鱼达人Lv99	1	1	1	0
5	麻痹戒指	1	1	1	0
5	复活戒指	1	1	1	0
5	护身戒指	1	1	1	0
5	战意麻痹	1	1	1	0
5	魔意护身	1	1	1	0
5	道意复活	1	1	1	0
5	涅灭麻痹	1	1	1	0
5	八卦护身	1	1	1	0
5	涅复活	1	1	1	0
5	王者麻痹	1	1	1	0
5	王者护身	1	1	1	0
5	王者复活	1	1	1	0
5	无双麻痹	1	1	1	0
5	无双复活	1	1	1	0
5	无双护身	1	1	1	0
5	蓝月复古麻痹	1	1	1	0
5	蓝月复古复活	1	1	1	0
5	蓝月复古护身	1	1	1	0
1	一级力量	1	1	1	0
1	二级力量	1	1	1	0
1	三级力量	1	1	1	0
1	四级力量	1	1	1	0
1	五级力量	1	1	1	0
1	一级智力	1	1	1	0
1	二级智力	1	1	1	0
1	三级智力	1	1	1	0
1	四级智力	1	1	1	0
1	五级智力	1	1	1	0
1	一级精神	1	1	1	0
1	二级精神	1	1	1	0
1	三级精神	1	1	1	0
1	四级精神	1	1	1	0
1	五级精神	1	1	1	0
1	一级生命	1	1	1	0
1	二级生命	1	1	1	0
1	三级生命	1	1	1	0
1	四级生命	1	1	1	0
1	五级生命	1	1	1	0
1	一级暴击	1	1	1	0
1	二级暴击	1	1	1	0
1	三级暴击	1	1	1	0
1	四级暴击	1	1	1	0
1	五级暴击	1	1	1	0
1	一级攻伤	1	1	1	0
1	二级攻伤	1	1	1	0
1	三级攻伤	1	1	1	0
1	四级攻伤	1	1	1	0
1	五级攻伤	1	1	1	0
1	一级吸收	1	1	1	0
1	二级吸收	1	1	1	0
1	三级吸收	1	1	1	0
1	四级吸收	1	1	1	0
1	五级吸收	1	1	1	0
1	金币	1	1	1	0
