;地图代码  x     y    怪物名称   范围   数量   时间
;━━━━━━━━━━━━━━━━━━━━━━━━━━━━━━━━ 

3	360	337	练功师		0	1	5	0	250



;地图名：比奇大地图
0     665   87    弓箭护卫        0     1     10
0     666   86    弓箭护卫        0     1     10
0     671   94    弓箭护卫        0     1     10
0     672   93    弓箭护卫        0     1     10
0     340   513   弓箭护卫        0     1     10
0     341   514   弓箭护卫        0     1     10
0     367   487   弓箭护卫        0     1     10
0     368   488   弓箭护卫        0     1     10
0     318   244   弓箭护卫        0     1     10
0     300   207   弓箭护卫        0     1     10
0     310   227   弓箭护卫        0     1     10
0     313   230   弓箭护卫        0     1     10
0     309   286   弓箭护卫        0     1     10
0     329   289   弓箭护卫        0     1     10
0     355   280   弓箭护卫        0     1     10
0     362   301   弓箭护卫        0     1     10
0     374   291   弓箭护卫        0     1     10
0     321   257   弓箭护卫        0     1     10
0     301   319   弓箭护卫        0     1     10
0     335   309   弓箭护卫        0     1     10
0     339   313   弓箭护卫        0     1     10
0     320   36    弓箭护卫        0     1     10
0     327   42    弓箭护卫        0     1     10
;━━━━━━━━━━━━━━━━━━━━━━━━━━━━━━━━ 
;地图名：盟重省
3     325   311   弓箭护卫        0     1     10
;3     348   332   弓箭护卫        0     1     10
3     296   334   弓箭护卫        0     1     10
3     302   340   弓箭护卫        0     1     10
3     305   290   弓箭护卫        0     1     10
3     288   305   弓箭护卫        0     1     10
3     302   370   弓箭护卫        0     1     10
3     346   316   弓箭护卫        0     1     10
3     339   313   弓箭护卫        0     1     10
3     273   743   弓箭护卫        0     1     10
3     272   744   弓箭护卫        0     1     10
3     512   770   弓箭护卫        0     1     10
3     519   777   弓箭护卫        0     1     10

;pd0     26   30   砍我有经验          0     1     1
;pd0     32   32   砍我有经验          0     1     1
;━━━━━━━━━━━━━━━━━━━━━━━━━━━━━━
11    225   272    半兽勇士   	10	15	5
11    188   312    半兽勇士   	20	20	10

1002   11    10    虎卫         1	2	30
1002   11    10    半兽勇士     1	1	30

TZSD   44    37    天之虎卫     1	2	30
TZSD   44    37    半兽勇士     1	3	30
;━━━━━━━━━━━━━━━━━━━━━━━━━━━━━━

4     255   230   恶魔弓箭手      0     1     10
4     256   231   恶魔弓箭手      0     1     10
4     254   229   恶魔弓箭手      0     1     10
4     253   228   恶魔弓箭手      0     1     10
4     252   227   恶魔弓箭手      0     1     10
4     250   235   恶魔弓箭手      0     1     10
4     251   236   恶魔弓箭手      0     1     10
4     249   234   恶魔弓箭手      0     1     10
4     248   233   恶魔弓箭手      0     1     10
4     247   232   恶魔弓箭手      0     1     10
4     253   183   恶魔弓箭手      0     1     10
4     252   184   恶魔弓箭手      0     1     10
4     251   185   恶魔弓箭手      0     1     10
4     250   186   恶魔弓箭手      0     1     10
4     249   187   恶魔弓箭手      0     1     10
4     257   186   恶魔弓箭手      0     1     10
4     256   187   恶魔弓箭手      0     1     10
4     255   188   恶魔弓箭手      0     1     10
4     254   189   恶魔弓箭手      0     1     10
4     253   190   恶魔弓箭手      0     1     10
4     215   193   恶魔弓箭手      0     1     10
4     219   189   恶魔弓箭手      0     1     10

XSLJ 34 40 鹿     50 50 1
XSLJ 34 40 多钩猫 50 50 1
XSLJ 34 40 钉耙猫 50 50 1
XSLJ 34 40 稻草人 50 50 1
XSLJ 34 40 半兽人 50 50 1








骰王地图      49     52     沃玛卫士[精英]        100    3    8   0    250
骰王地图      49     52     沃玛教主[BOSS]       100    2    15   0    253
骰王地图      49     52     洗髓境妖兽              100    3   15   0    251
骰王地图      49     52     白野猪[精英]            100    3     8   0    250
骰王地图      49     52     邪恶毒蛇[精英]         100    3     8   0    250
骰王地图      49     52     石墓尸王[BOSS]        100    2      15   0    253
骰王地图      49     52     龙角猪王[BOSS]        100    2    15   0    253
骰王地图      49     52     邪恶蝎蛇王[BOSS]     100    2     15   0    253
骰王地图      49     52     辟谷境妖兽           100    3      15   0    251
骰王地图      49     52     祖玛雕像[精英]       100    3     8   0    250
骰王地图      49     52     祖玛卫士[精英]      100    3    8    0    250
骰王地图      49     52     祖玛教主[BOSS]     100    2      8   0    253
骰王地图      49     52     融合境妖兽           100    3       15  0    251
骰王地图      49     52     邪恶巨人[精英]       100    3      8    0    250
骰王地图      49     52     双头血魔[精英]       100    3    8    0    250
骰王地图      49     52     双头金刚[精英]       100    3      8    0    250
骰王地图      49     52     赤月恶魔[BOSS]      100    2     15    0    253
骰王地图      49     52     练气境妖兽             100    3      15   0    251
骰王地图      49     52     千年树妖[精英]        100    3      8   0    250
骰王地图      49     52     白野猪[精英]           100    3      8   0    250
骰王地图      49     52     邪恶毒蛇[精英]        100    3      8   0    250
骰王地图      49     52     虹魔教主[BOSS]       100    2      15   0    253
骰王地图      49     52     筑基境妖兽              100    3      15    0    251



;━━━━━━━━━━1.新人地图━━━━━━━━━━━━━━━━━━



沃玛寺庙一层       212     192     粪虫                   500    200    2   0    255
沃玛寺庙一层       212     192     暗黑战士             500    200    2    0    255
沃玛寺庙一层       212     192     沃玛战士             500    300    2    0    255
沃玛寺庙一层       212     192     沃玛勇士             500    300    2    0    255
沃玛寺庙一层       212     192     沃玛战将             500    200    2    0    255
沃玛寺庙一层       212     192     火焰沃玛             500    200    2    0    255
沃玛寺庙一层       212     192     沃玛卫士[精英]     500    150    8   0    250
沃玛寺庙一层       212     192     沃玛教主[BOSS]   500    50     15   0    253
沃玛寺庙一层       212     192     洗髓境妖兽           500    200    15   0    251

沃玛教主大厅       212     192     粪虫                    500    20    2    0    255
沃玛教主大厅       212     192     暗黑战士             500    20    2    0    255
沃玛教主大厅       212     192     沃玛战士             500    30    2    0    255
沃玛教主大厅       212     192     沃玛勇士             500    30    2    0    255
沃玛教主大厅       212     192     沃玛战将             500    50    2    0    255
沃玛教主大厅       212     192     火焰沃玛             500    50    2    0    255
沃玛教主大厅       212     192     沃玛卫士[精英]     500    20    8   0    250
沃玛教主大厅       212     192     沃玛教主[BOSS]   500    10    15   0    253
沃玛教主大厅       212     192     洗髓境妖兽           500    40    15   0    251



沃玛寺庙一层A       212     192     粪虫                    500    200    2    0    255
沃玛寺庙一层A       212     192     暗黑战士             500    200    2    0    255
沃玛寺庙一层A       212     192     沃玛战士             500    300    2    0    255
沃玛寺庙一层A       212     192     沃玛勇士             500    300    2    0    255
沃玛寺庙一层A       212     192     沃玛战将             500    200    2    0    255
沃玛寺庙一层A       212     192     火焰沃玛             500    200    2    0    255
沃玛寺庙一层A       212     192     沃玛卫士[精英]       500    150    8   0    250
沃玛寺庙一层A       212     192     沃玛教主[BOSS]       500    50     15   0    253
沃玛寺庙一层A       212     192     洗髓境妖兽           500    300    15   0    251

沃玛教主大厅A       212     192     粪虫                   500    20    2    0    255
沃玛教主大厅A       212     192     暗黑战士             500    20    2    0    255
沃玛教主大厅A       212     192     沃玛战士             500    30    2    0    255
沃玛教主大厅A       212     192     沃玛勇士             500    30    2    0    255
沃玛教主大厅A       212     192     沃玛战将             500    50   2    0    255
沃玛教主大厅A       212     192     火焰沃玛             500    50    2    0    255
沃玛教主大厅A       212     192     沃玛卫士[精英]       500    20    8   0    250
沃玛教主大厅A       212     192     沃玛教主[BOSS]       500    10    15   0    253
沃玛教主大厅A       212     192     洗髓境妖兽           500    30  15  0    251










石墓猪洞       51     50     角蝇                 300    15      5  0    255
石墓猪洞       51     50     蝙蝠                 300    150     5   0    255
石墓猪洞       51     50     楔蛾                 500    150     5   0    255
石墓猪洞       51     50     蝎蛇                 500    150     5  0    255
石墓猪洞       51     50     红野猪               500    150     5   0    255
石墓猪洞       51     50     黑野猪               500    150     5   0    255
石墓猪洞       51     50     白野猪[精英]         500    70     8   0    250
石墓猪洞       51     50     邪恶毒蛇[精英]       500    70     8   0    250
石墓猪洞       51     50     石墓尸王[BOSS]       500    30      15   0    253
石墓猪洞       51     50     龙角猪王[BOSS]       500    50      15   0    253
石墓猪洞       51     50     邪恶蝎蛇王[BOSS]     500    30      15   0    253
石墓猪洞       51     50     辟谷境妖兽                500   100      15   0    251






石墓猪洞A       51     50     角蝇                 300    15      5  0    255
石墓猪洞A       51     50     蝙蝠                 300    150     5   0    255
石墓猪洞A       51     50     楔蛾                 500    150     5   0    255
石墓猪洞A       51     50     蝎蛇                 500    150     5  0    255
石墓猪洞A       51     50     红野猪               500    150     5   0    255
石墓猪洞A       51     50     黑野猪               500    150     5   0    255
石墓猪洞A       51     50     白野猪[精英]         500    70     8   0    250
石墓猪洞A       51     50     邪恶毒蛇[精英]       500    70     8   0    250
石墓猪洞A       51     50     石墓尸王[BOSS]       500    30      15   0    253
石墓猪洞A       51     50     龙角猪王[BOSS]       500    50      15   0    253
石墓猪洞A       51     50     邪恶蝎蛇王[BOSS]     500    30      15   0    253
石墓猪洞A       51     50     辟谷境妖兽                500   100      15   0    251








祖玛寺庙①       51     50     大老鼠               300    50     15    0    255
祖玛寺庙①       51     50     祖玛弓箭手           300    60     15    0    255
祖玛寺庙①      51     50     祖玛雕像              800    60     15    0    255
祖玛寺庙①       51     50     祖玛卫士             800    60     15    0    255
祖玛寺庙①       51     50     祖玛雕像[精英]       500    15      15    0    250
祖玛寺庙①       51     50     祖玛卫士[精英]       500    15      15    0    250
祖玛寺庙①      51     50     祖玛教主[BOSS]       100     10      15    0    253
祖玛寺庙①      51     50     融合境妖兽           100     10     30   0    251



祖玛寺庙②       51     50     大老鼠               300    50     15    0    255
祖玛寺庙②       51     50     祖玛弓箭手           300    60     15    0    255
祖玛寺庙②       51     50     祖玛雕像             800    60     15    0    255
祖玛寺庙②       51     50     祖玛卫士             800    60     15    0    255

祖玛寺庙②       51     50     祖玛雕像[精英]       500     15      15    0    250
祖玛寺庙②       51     50     祖玛卫士[精英]       500     15      15    0    250
祖玛寺庙②       51     50     祖玛教主[BOSS]       100     10      30    0    253
祖玛寺庙②       51     50     融合境妖兽           100     10     30   0   251


祖玛寺庙③       51     50     大老鼠               300    50     15    0    255
祖玛寺庙③       51     50     祖玛弓箭手           300    60     15    0    255
祖玛寺庙③       51     50     祖玛雕像             800    60     15    0    255
祖玛寺庙③       51     50     祖玛卫士             800    60     15    0    255
祖玛寺庙③       51     50     祖玛雕像[精英]       500    15      15    0    250
祖玛寺庙③       51     50     祖玛卫士[精英]       500    15      15    0    250
祖玛寺庙③       51     50     祖玛教主[BOSS]       100    10       30    0    253
祖玛寺庙③       51     50     融合境妖兽           100    10     30   0    251














祖玛寺庙①A       51     50     大老鼠               300    50     15    0    255
祖玛寺庙①A       51     50     祖玛弓箭手           300    60     15    0    255
祖玛寺庙①A      51     50     祖玛雕像              800    60     15    0    255
祖玛寺庙①A       51     50     祖玛卫士             800    60     15    0    255
祖玛寺庙①A       51     50     祖玛雕像[精英]       500    15      15    0    250
祖玛寺庙①A       51     50     祖玛卫士[精英]       500    15      15    0    250
祖玛寺庙①A      51     50     祖玛教主[BOSS]       100     10      15    0    253
祖玛寺庙①A      51     50     融合境妖兽           100     10     30   0    251



祖玛寺庙②A       51     50     大老鼠               300    50     15    0    255
祖玛寺庙②A       51     50     祖玛弓箭手           300    60     15    0    255
祖玛寺庙②A       51     50     祖玛雕像             800    60     15    0    255
祖玛寺庙②A       51     50     祖玛卫士             800    60     15    0    255

祖玛寺庙②A       51     50     祖玛雕像[精英]       500     15      15    0    250
祖玛寺庙②A       51     50     祖玛卫士[精英]       500     15      15    0    250
祖玛寺庙②A       51     50     祖玛教主[BOSS]       100     10      30    0    253
祖玛寺庙②A       51     50     融合境妖兽           100     10     30   0   251


祖玛寺庙③A       51     50     大老鼠               300    50     15    0    255
祖玛寺庙③A       51     50     祖玛弓箭手           300    60     15    0    255
祖玛寺庙③A       51     50     祖玛雕像             800    60     15    0    255
祖玛寺庙③A       51     50     祖玛卫士             800    60     15    0    255
祖玛寺庙③A       51     50     祖玛雕像[精英]       500    15      15    0    250
祖玛寺庙③A       51     50     祖玛卫士[精英]       500    15      15    0    250
祖玛寺庙③A       51     50     祖玛教主[BOSS]       100    10       30    0    253
祖玛寺庙③A       51     50     融合境妖兽           100    10     30   0    251




;━━━━━━━━━━4.赤月山谷━━━━━━━━━━━━━━━━━━ 

赤月山谷秘道       51     50     天狼蜘蛛               500     50      10    0    255
赤月山谷秘道       51     50     暴牙蜘蛛               500     50      10    0    255
赤月山谷秘道       51     50     钢牙蜘蛛               500     50      10    0    255
赤月山谷秘道       51     50     月魔蜘蛛               500     50      10    0    255
赤月山谷秘道       51     50     花吻蜘蛛               500     50      10    0    255
赤月山谷秘道       51     50     黑锷蜘蛛               500     50      10    0    255
赤月山谷秘道       51     50     幻影蜘蛛               500     50      10    0    255
赤月山谷秘道       51     50     血巨人                 500     50      10    0    255
赤月山谷秘道       51     50     血僵尸                 500     50      10    0    255
赤月山谷秘道       51     50     邪恶巨人[精英]         500     30      15    0    250
赤月山谷秘道       51     50     双头血魔[精英]         500     30      15    0    250
赤月山谷秘道       51     50     双头金刚[精英]         500     30      15    0    250
赤月山谷秘道       23     18     赤月恶魔[BOSS]         300     25      30    0    253
赤月山谷秘道       23     18     练气境妖兽             500     50      30   0    251



赤月魔穴       23     18     月魔蜘蛛               500     50      10    0    255
赤月魔穴       23     18     血巨人                 500     10      10    0    255
赤月魔穴       23     18     血僵尸                 500     10      10    0    255
赤月魔穴       23     18     邪恶巨人[精英]         500     5       10    0    250
赤月魔穴       23     18     双头血魔[精英]         500     5       10    0    250
赤月魔穴       23     18     双头金刚[精英]         500     5       10    0    250
赤月魔穴       23     18     赤月恶魔[BOSS]          0      1       10    0    253
赤月魔穴       23     18     练气境妖兽             100     10      30    0    251










赤月山谷秘道A       51     50     天狼蜘蛛               500     50      10    0    255
赤月山谷秘道A       51     50     暴牙蜘蛛               500     50      10    0    255
赤月山谷秘道A       51     50     钢牙蜘蛛               500     50      10    0    255
赤月山谷秘道A       51     50     月魔蜘蛛               500     50      10    0    255
赤月山谷秘道A       51     50     花吻蜘蛛               500     50      10    0    255
赤月山谷秘道A       51     50     黑锷蜘蛛               500     50      10    0    255
赤月山谷秘道A       51     50     幻影蜘蛛               500     50      10    0    255
赤月山谷秘道A       51     50     血巨人                 500     50      10    0    255
赤月山谷秘道A       51     50     血僵尸                 500     50      10    0    255
赤月山谷秘道A       51     50     邪恶巨人[精英]         500     30      15    0    250
赤月山谷秘道A       51     50     双头血魔[精英]         500     30      15    0    250
赤月山谷秘道A       51     50     双头金刚[精英]         500     30      15    0    250
赤月山谷秘道A       23     18     赤月恶魔[BOSS]         300     25      30    0    253
赤月山谷秘道A       23     18     练气境妖兽             500     50      30   0    251



赤月魔穴A       23     18     月魔蜘蛛               500     50      10    0    255
赤月魔穴A       23     18     血巨人                 500     10      10    0    255
赤月魔穴A       23     18     血僵尸                 500     10      10    0    255
赤月魔穴A       23     18     邪恶巨人[精英]         500     5       10    0    250
赤月魔穴A       23     18     双头血魔[精英]         500     5       10    0    250
赤月魔穴A       23     18     双头金刚[精英]         500     5       10    0    250
赤月魔穴A       23     18     赤月恶魔[BOSS]          0      1       10    0    253
赤月魔穴A       23     18     练气境妖兽             100     10      30    0    251









;━━━━━━━━━━5.封魔殿━━━━━━━━━━━━━━━━━━ 

封魔神殿       23     18     角蝇                 300     10      5    0    255
封魔神殿       23     18     楔蛾                 500     50     5    0    255
封魔神殿       23     18     虹魔蝎卫             500     30     15   0    255
封魔神殿       23     18     恶魔弓箭手           500     30     15   0    255
封魔神殿       23     18     虹魔猪卫             500     30     15   0    255
封魔神殿       23     18     千年树妖[精英]       300     15      15   0    250
封魔神殿       53     56     白野猪[精英]         300     15      15   0    250
封魔神殿       53     56     邪恶毒蛇[精英]       300     15      15   0    250
封魔神殿       23     18     虹魔教主[BOSS]       500     20      30   0    253
封魔神殿       23     18     筑基境妖兽           500     30      30    0    251




封魔神殿A       23     18     角蝇                 300     10      5    0    255
封魔神殿A       23     18     楔蛾                 500     50     5    0    255
封魔神殿A       23     18     虹魔蝎卫             500     30     15   0    255
封魔神殿A       23     18     恶魔弓箭手           500     30     15   0    255
封魔神殿A       23     18     虹魔猪卫             500     30     15   0    255
封魔神殿A       23     18     千年树妖[精英]       300     15      15   0    250
封魔神殿A       53     56     白野猪[精英]         300     15      15   0    250
封魔神殿A       53     56     邪恶毒蛇[精英]       300     15      15   0    250
封魔神殿A       23     18     虹魔教主[BOSS]       500     20      30   0    253
封魔神殿A       23     18     筑基境妖兽           500     30      30    0    251









;━━━━━━━━━━6.苍月魔洞━━━━━━━━━━━━━━━━━━ 


;----------------------【骨魔洞】----------------------------

骨魔洞穴       253     53     角蝇                  300     20      5    0    255
骨魔洞穴       253     53     楔蛾                  500     100     5    0    255
骨魔洞穴       253     53     骷髅弓箭手           500     100     10   0    255
骨魔洞穴       253     53     骷髅刀斧手           500     100     10   0    255
骨魔洞穴       253     53     骷髅长枪兵           500     100     10   0    255
骨魔洞穴       253     53     骷髅锤兵[精英]       300     100     15   0    250
骨魔洞穴       267     39     黄泉教主[BOSS]      100     50      30   0    253
骨魔洞穴       267     39     金丹境妖兽           500     50      30    0   251

骨魔洞穴A       253     53     角蝇                 300     20      5    0    255
骨魔洞穴A       253     53     楔蛾                 500     100     5    0    255
骨魔洞穴A       253     53     骷髅弓箭手           500     100     10   0    255
骨魔洞穴A       253     53     骷髅刀斧手           500     100     10   0    255
骨魔洞穴A       253     53     骷髅长枪兵           500     100     10   0    255
骨魔洞穴A       253     53     骷髅锤兵[精英]       300     100     15   0    250
骨魔洞穴A       267     39     黄泉教主[BOSS]       100     50      30   0    253
骨魔洞穴A       267     39     金丹境妖兽           500     50      30    0   251
;----------------------弩马洞----------------------------

弩马洞穴       57     62       角蝇                 300     10      5    0    255
弩马洞穴       57     62       楔蛾                 500     50     5    0    255
弩马洞穴       57     62       恶灵僵尸             500     50     10   0    255
弩马洞穴       57     62       恶灵尸王             500     50     10   0    255
弩马洞穴       114     109     弩马长枪兵           500     30     10   0    255
弩马洞穴       114     109     弩马弓箭手           500     30     10   0    255
弩马洞穴       114     109     弩马刀斧手           500     30     15   0    255
弩马洞穴       114     109     弩马精灵[精英]       300     30     15   0    250
弩马洞穴       57     62       弩马法王[BOSS]       500     50      30   0    253
弩马洞穴       114     109     元婴境妖兽           500     50      30    0    251

弩马洞穴A       57     62       角蝇                 300     10      5    0    255
弩马洞穴A       57     62       楔蛾                 500     50     5    0    255
弩马洞穴A       57     62       恶灵僵尸             500     50     10   0    255
弩马洞穴A       57     62       恶灵尸王             500     50     10   0    255
弩马洞穴A       114     109     弩马长枪兵           500     30     10   0    255
弩马洞穴A       114     109     弩马弓箭手           500     30     10   0    255
弩马洞穴A       114     109     弩马刀斧手           500     30     15   0    255
弩马洞穴A       114     109     弩马精灵[精英]       300     30     15   0    250
弩马洞穴A       57     62       弩马法王[BOSS]       500     50      30   0    253
弩马洞穴A       114     109     元婴境妖兽           500     50      30    0    251

;----------------------【牛魔寺庙】----------------------------
牛魔寺庙六层       122     118     牛头魔                300     20       5   0    255
牛魔寺庙六层       122     118     牛魔战士              500     100      5   0    255
牛魔寺庙六层       122     118     牛魔斗士              500     100     10   0    255
牛魔寺庙六层       122     118     牛魔侍卫              500     150     10   0    255
牛魔寺庙六层       122     118     牛魔法师              500     150     10   0    255
牛魔寺庙六层       122     118     牛魔将军              500     100     10   0    255
牛魔寺庙六层       122     118     牛魔祭司[精英]        300     100     15   0    250
牛魔寺庙六层       122     118     牛魔王[BOSS]          500     50     30   0    253
牛魔寺庙六层       122     118     出窍境妖兽            500     50     30    0    251

牛魔寺庙大厅       52     51       牛头魔                300     20     5   0    255
牛魔寺庙大厅       52     51       牛魔战士              500     50     5   0    255
牛魔寺庙大厅       52     51       牛魔斗士              500     50     10   0    255
牛魔寺庙大厅       52     51       牛魔侍卫              500     50     10   0    255
牛魔寺庙大厅       52     51       牛魔法师              500     50     10   0    255
牛魔寺庙大厅       52     51       牛魔将军              500     50     10   0    255
牛魔寺庙大厅       52     51       牛魔祭司[精英]        300     50     15   0    250
牛魔寺庙大厅       52     51       牛魔王[BOSS]          500     50     30   0    253
牛魔寺庙大厅       52     51       牛魔王[BOSS]            1      1     10   0    253
牛魔寺庙大厅       52     51       出窍境妖兽            500     50     30    0    251



牛魔寺庙六层A       122     118     牛头魔                300     20       5   0    255
牛魔寺庙六层A       122     118     牛魔战士              500     100      5   0    255
牛魔寺庙六层A       122     118     牛魔斗士              500     100     10   0    255
牛魔寺庙六层A       122     118     牛魔侍卫              500     150     10   0    255
牛魔寺庙六层A       122     118     牛魔法师              500     150     10   0    255
牛魔寺庙六层A       122     118     牛魔将军              500     100     10   0    255
牛魔寺庙六层A       122     118     牛魔祭司[精英]        300     100     15   0    250
牛魔寺庙六层A       122     118     牛魔王[BOSS]          500     50     30   0    253
牛魔寺庙六层A       122     118     出窍境妖兽            500     70     30    0    251

牛魔寺庙大厅A       52     51       牛头魔                300     20     5   0    255
牛魔寺庙大厅A       52     51       牛魔战士              500     50     5   0    255
牛魔寺庙大厅A       52     51       牛魔斗士              500     50     10   0    255
牛魔寺庙大厅A       52     51       牛魔侍卫              500     50     10   0    255
牛魔寺庙大厅A       52     51       牛魔法师              500     50     10   0    255
牛魔寺庙大厅A       52     51       牛魔将军              500     50     10   0    255
牛魔寺庙大厅A       52     51       牛魔祭司[精英]        300     50     15   0    250
牛魔寺庙大厅A       52     51       牛魔王[BOSS]          500     10     30   0    253
牛魔寺庙大厅A       52     51       牛魔王[BOSS]            1      1     10   0    253
牛魔寺庙大厅A       52     51       出窍境妖兽            500     30     30    0    251
;━━━━━━━━━━7.魔龙血域━━━━━━━━━━━━━━━━━━ 

魔龙血域       124     149     魔龙血蛙             300     100      5    0    255
魔龙血域       124     149     魔龙刺蛙             500     100      5    0    255
魔龙血域       124     149     魔龙邪眼             500     100      15   0    255
魔龙血域       124     149     魔龙射手             500     100      15   0    255
魔龙血域       124     149     魔龙刀兵             500     100      15   0    255
魔龙血域       124     149     魔龙破甲兵           500     100      15   0    255
魔龙血域       124     149     魔龙巨蛾[精英]       500     30       20   0    250
魔龙血域       124     149     魔龙力士[精英]       500     30       20   0    250
魔龙血域       124     149     魔龙战将[精英]       500     30       20   0    250
魔龙血域       124     149     魔龙树妖[精英]       500     30       20   0    250
魔龙血域       124     149     魔龙石碑[精英]       500     30       20   0    250
魔龙血域       124     149     魔龙教主[BOSS]       500     50       30   0    253
魔龙血域       124     149     分神境妖兽           500     50     30    0    251
魔龙血域       124     149     合体境妖兽           500     50     30    0    251




魔龙血域A       124     149     魔龙血蛙             300     100      5    0    255
魔龙血域A       124     149     魔龙刺蛙             500     100      5    0    255
魔龙血域A       124     149     魔龙邪眼             500     100      15   0    255
魔龙血域A       124     149     魔龙射手             500     100      15   0    255
魔龙血域A       124     149     魔龙刀兵             500     100      15   0    255
魔龙血域A       124     149     魔龙破甲兵           500     100      15   0    255
魔龙血域A       124     149     魔龙巨蛾[精英]       500     30       20   0    250
魔龙血域A       124     149     魔龙力士[精英]       500     30       20   0    250
魔龙血域A       124     149     魔龙战将[精英]       500     30       20   0    250
魔龙血域A       124     149     魔龙树妖[精英]       500     30       20   0    250
魔龙血域A       124     149     魔龙石碑[精英]       500     30       20   0    250
魔龙血域A       124     149     魔龙教主[BOSS]       500     50       30   0    253
魔龙血域A       124     149     分神境妖兽           500     50     30    0    251
魔龙血域A       124     149     合体境妖兽           500     50     30    0    251




五湖四海       697     123     沃玛卫士[精英]       800    60    60   0    250
五湖四海       697     123     白野猪[精英]         800    60    60   0    250
五湖四海       697     123     邪恶毒蛇[精英]       800    60    60   0    250
五湖四海       697     123     祖玛雕像[精英]       800    60    60   0    250
五湖四海       697     123     祖玛卫士[精英]       800    60    60   0    250
五湖四海       697     123     邪恶巨人[精英]       800    60    60   0    250
五湖四海       697     123     双头血魔[精英]       800    60    60   0    250
五湖四海       697     123     双头金刚[精英]       800    60    60   0    250
五湖四海       697     123     千年树妖[精英]       800    60    60   0    250
五湖四海       697     123     白野猪[精英]         800    60    60   0    250
五湖四海       697     123     邪恶毒蛇[精英]       800    60    60   0    250
五湖四海       697     123     弩马精灵[精英]       800    60    60   0    250
五湖四海       697     123     牛魔祭司[精英]       800    60    60   0    250
五湖四海       697     123     牛魔祭司[精英]       800    60    60   0    250
五湖四海       697     123     魔龙巨蛾[精英]       800    60    60   0    250
五湖四海       697     123     魔龙力士[精英]       800    60    60   0    250
五湖四海       697     123     魔龙战将[精英]       800    60    60   0    250
五湖四海       697     123     魔龙树妖[精英]       800    60    60   0    250
五湖四海       697     123     魔龙石碑[精英]       800    60    60   0    250
五湖四海       697     123     洗髓境妖兽           800    50    60   0    251
五湖四海       697     123     练气境妖兽           800    50    60   0    251
五湖四海       697     123     辟谷境妖兽           800    50    60   0    251
五湖四海       697     123     融合境妖兽           800    50    60   0    251
五湖四海       697     123     筑基境妖兽           800    50    60   0    251
五湖四海       697     123     元婴境妖兽           800    50    60   0    251
五湖四海       697     123     出窍境妖兽           800    50    60   0    251
五湖四海       697     123     出窍境妖兽           800    50    60   0    251
五湖四海       697     123     分神境妖兽           800    50    60   0    251
五湖四海       697     123     合体境妖兽           800    50    60   0    251
五湖四海       697     123     沃玛教主[BOSS]       800    20    60   0    253
五湖四海       697     123     石墓尸王[BOSS]       800    20    60   0    253
五湖四海       697     123     龙角猪王[BOSS]       800    20    60   0    253
五湖四海       697     123     邪恶蝎蛇王[BOSS]     800    20    60   0    253
五湖四海       697     123     祖玛教主[BOSS]       800    20    60   0    253
五湖四海       697     123     赤月恶魔[BOSS]       800    20    60   0    253
五湖四海       697     123     虹魔教主[BOSS]       800    20    60   0    253
五湖四海       697     123     弩马法王[BOSS]       800    20    60   0    253
五湖四海       697     123     牛魔王[BOSS]         800    20    60   0    253
五湖四海       697     123     牛魔王[BOSS]         800    20    60   0    253
五湖四海       697     123     魔龙教主[BOSS]       800    20    60   0    253

五湖四海       468    426    ★★★尘世巨蟒・耶梦加得★★★     0    1    120   0    254
五湖四海       468    426    ★★★巨兽・比蒙★★★             0    1    120   0    254
五湖四海       468    426     ★★★混沌之龙・利维坦★★★       0    1    120   0    254
五湖四海       468    426     ★★★北海巨妖・克拉肯★★★       0    1    120   0    254
五湖四海       468    426    ★★★恶魔之王・撒旦★★★         0    1    120   0    254















;━━━━━━━━━━二大陆━━━━━━━━━━━━━━━━━━ 

;------------------------------1.青铜摸鱼地图----------------------------------

青铜摸鱼地图       248     206       青铜摸鱼怪            500     350    15   0   43
青铜摸鱼地图       206     118       青铜摸鱼[精英]        500     80     30   0   249
青铜摸鱼地图       206     118       青铜摸鱼[BOSS]        500     30     60   0   254
青铜摸鱼地图       206     118       渡劫境妖兽            500     30     30    0  250


;------------------------------2.白银摸鱼地图----------------------------------


白银摸鱼地图      157     154       白银摸鱼怪           500    350    15   0   246
白银摸鱼地图      157     154       白银摸鱼[精英]       500    80    30   0   249
白银摸鱼地图      157     154       白银摸鱼[BOSS]       500    30    60   0   254
白银摸鱼地图      157     154       大乘境妖兽           500    30     30    0  250

;------------------------------3.黄金地图----------------------------------

黄金摸鱼地图       94     94       黄金摸鱼怪            500     350   15   0   251
黄金摸鱼地图       94     94       黄金摸鱼[精英]        500     80    30   0   249
黄金摸鱼地图       94     94       黄金摸鱼[BOSS]        500     30    60   0   254
黄金摸鱼地图       94     94       散仙境妖兽            500     30     30    0  250

;------------------------------4.铂金摸鱼地图----------------------------------


铂金摸鱼地图       114     88       铂金摸鱼怪            500     350    15   0   154
铂金摸鱼地图       114     88       铂金摸鱼[精英]        500     80     30   0   249
铂金摸鱼地图       114     88       铂金摸鱼[BOSS]        500     30     60   0   254
铂金摸鱼地图       114     88       地仙境妖兽            500     30     30    0  250

;------------------------------5.钻石摸鱼地图----------------------------------

钻石摸鱼地图       89    125       钻石摸鱼怪            300     350   15  0   146
钻石摸鱼地图       89    125       钻石摸鱼[精英]        300     80    30  0   249
钻石摸鱼地图       89    125       钻石摸鱼[BOSS]        300     30    60  0   254
钻石摸鱼地图       89    125       人仙境妖兽            500     30     30    0  250


;------------------------------6.星耀摸鱼地图----------------------------------


星耀摸鱼地图       75     115       星耀摸鱼怪            300     350   15  0   125
星耀摸鱼地图       75     115       星耀摸鱼[精英]        500     30    30  0   249
星耀摸鱼地图       75     115       星耀摸鱼[BOSS]        300     30    60  0   254
星耀摸鱼地图       75     115       天仙境妖兽            500     30     30    0  250
星耀摸鱼地图       75     115       金仙境妖兽            500     20     30    0  250


;------------------------------7.王者摸鱼地图----------------------------------


王者摸鱼地图       140     131       王者摸鱼怪            500     350   15  0   70
王者摸鱼地图       140     131       王者摸鱼[精英]        500     80    30  0   249
王者摸鱼地图       140     131       王者摸鱼[BOSS]        500     30    60  0   254
王者摸鱼地图       140     131       玄仙境妖兽            500     20     30    0  250
王者摸鱼地图       140     131       仙君境妖兽            500     20     30    0  250



;------------------------------8.荣耀摸鱼地图----------------------------------



荣耀摸鱼地图       135     136      荣耀摸鱼怪            500     350    15  0   253
荣耀摸鱼地图       135     136      荣耀摸鱼[精英]        500     80     30  0   249
荣耀摸鱼地图       135     136      荣耀摸鱼[BOSS]        500     30     60  0   254
荣耀摸鱼地图       135     136      仙帝境妖兽            500     20     30    0  250
荣耀摸鱼地图       135     136      仙尊境妖兽            500     20     30    0  250



三山五岳       273     272       青铜摸鱼[精英]      800     50     30   0   249
三山五岳       273     272       白银摸鱼[精英]      800     50     30   0   249
三山五岳       273     272       黄金摸鱼[精英]      800     50     30   0   249
三山五岳       273     272       铂金摸鱼[精英]      800     50     30   0   249
三山五岳       273     272       钻石摸鱼[精英]      800     50     30   0   249
三山五岳       273     272       星耀摸鱼[精英]      800     50     30   0   249
三山五岳       273     272       王者摸鱼[精英]      800     50     30   0   249
三山五岳       273     272       荣耀摸鱼[精英]      800     50     30   0   249
三山五岳       273     272       渡劫境妖兽          800     50     30   0   251
三山五岳       273     272       大乘境妖兽          800     50     30   0   251
三山五岳       273     272       散仙境妖兽          800     50     30   0   251
三山五岳       273     272       地仙境妖兽          800     50     30   0   251
三山五岳       273     272       人仙境妖兽          800     50     30   0   251
三山五岳       273     272       天仙境妖兽          800     50     30   0   251
三山五岳       273     272       金仙境妖兽          800     50     30   0   251
三山五岳       273     272       玄仙境妖兽          800     50     30   0   251
三山五岳       273     272       仙君境妖兽          800     50     30   0   251
三山五岳       273     272       仙帝境妖兽          800     50     30   0   251
三山五岳       273     272       仙尊境妖兽          800     50     30   0   251
三山五岳       273     272       青铜摸鱼[BOSS]      800     30     60   0   254
三山五岳       273     272       白银摸鱼[BOSS]      800     30     60   0   254
三山五岳       273     272       黄金摸鱼[BOSS]      800     30     60   0   254
三山五岳       273     272       铂金摸鱼[BOSS]      800     30     60   0   254
三山五岳       273     272       钻石摸鱼[BOSS]      800     30     60   0   254
三山五岳       273     272       星耀摸鱼[BOSS]      800     30     60   0   254
三山五岳       273     272       王者摸鱼[BOSS]      800     30     60   0   254
三山五岳       273     272       荣耀摸鱼[BOSS]      800     30     60   0   254
三山五岳       273     272     ★★★尘世巨蟒・耶梦加得★★★     0    1    120   0    254
三山五岳       273     272    ★★★巨兽・比蒙★★★             0    1    120   0    254
三山五岳       273     272     ★★★混沌之龙・利维坦★★★       0    1    120   0    254
三山五岳       273     272     ★★★北海巨妖・克拉肯★★★       0    1    120   0    254
三山五岳       273     272     ★★★恶魔之王・撒旦★★★         0    1    120   0    254

;━━━━━━━━━━三大陆地图━━━━━━━━━━━━━━━━━━ 

;------------------------------1.花果山地图----------------------------------

花果山       305     287       小猴子                800     500       30   0  161
花果山       305     287       赤尻马猴             800     500      60   0  161
花果山       305     287       通臂猿猴[精英]    800     300     90   0  250
花果山       305     287       美猴王[BOSS]      800     200    120   0  253
花果山       505     287       神人境妖兽          800     100    120   0  249



;------------------------------2.黑风山地图----------------------------------

黑风山       193     149       赤髯龙              800     300     30   0  161
黑风山       193     149       灵虚子              800     300     60   0  161
黑风山       193     149       金池长老[精英]      800     200     90   0  250
黑风山       193     149       黑风大王[BOSS]      800     100    120   0  253
黑风山       193     149       天神境妖兽          800     50    120   0  249


;------------------------------3.黄风岭地图----------------------------------

黄风岭       211     231       小骊龙              800     250     30   0  161
黄风岭       211     231       虎先锋              800     250     60   0  161
黄风岭       211     231       石敢当[精英]        800     150     90   0  250
黄风岭       211     231       黄风大圣[BOSS]      800      50    120   0  253

黄风岭       211     231       玄神境妖兽          800     50    120   0  249



;------------------------------4.紫云山地图----------------------------------


紫云山       283     231       柏树精              800     250     30   0  161
紫云山       283     231       蛇司药              800     250     60   0  161
紫云山       283     231       大公鸡[精英]        800     150     90   0  250
紫云山       283     231       毗蓝婆[BOSS]        800      50    120   0  253

紫云山       283     231       神王境妖兽          800     50    120   0  249


;------------------------------5.火焰山地图----------------------------------


火焰山       46     49       波浪浪            50     15   10  0   161
火焰山       46     49       璧水金睛兽        50     15   10  0   161
火焰山       46     49       红孩儿[精英]      50     10   20  0   250
火焰山       46     49       火灵元母[BOSS]    50     5    30  0   253

火焰山       46     49       神君境妖兽        50     5    120   0  249


;------------------------------6.小西天地图----------------------------------


小西天       255     329       亢金龙              800     250     30   0  161
小西天       365     276       亢金星君            800     250     60   0  161
小西天       365     276       魔将・妙音[精英]    800     150     90   0  250
小西天       365     276       黄眉老祖[BOSS]      800      50    120   0  253
小西天       365     276       真神境妖兽          800     50    120   0  249



;------------------------------7.黄花观地图----------------------------------


黄花观       255     329       蜘蛛精              800     250     30   0  161
黄花观       255     329       蜈蚣精              800     250     60   0  161
黄花观       255     329       盘丝大仙[精英]      800     150     90   0  250
黄花观       255     329       百眼魔君[BOSS]      800      50    120   0  253

黄花观       255     329       天帝境妖兽          800     50    120   0  249
黄花观       255     329       神帝境妖兽          800     50    120   0  249

;------------------------------8.西天世界地图----------------------------------


西天世界       419     326       九头狮              800     450     30   0  161
西天世界       419     326       青牛精              800     450     60   0  161
西天世界       419     326       大鹏金翅[精英]      800     200     90   0  250
西天世界       419     326       孔雀明王[BOSS]      800     100    120   0  253
西天世界       419     326       天尊境妖兽          800     50    120   0  249
西天世界       419     326       主宰境妖兽          800     50    120   0  249

昆仑仙境       237     465       通臂猿猴[精英]      800     200     90   0  250
昆仑仙境       237     465       大鹏金翅[精英]      800     200     90   0  250
昆仑仙境       237     465       盘丝大仙[精英]      800     200     90   0  250
昆仑仙境       237     465       魔将・妙音[精英]    800     200     90   0  250
昆仑仙境       237     465       红孩儿[精英]        800     200     90   0  250
昆仑仙境       237     465       大公鸡[精英]        800     200     90   0  250
昆仑仙境       237     465       石敢当[精英]        800     200     90   0  250
昆仑仙境       237     465       金池长老[精英]      800     200     90   0  250
昆仑仙境       237     465       天尊境妖兽          800     80    120   0  249
昆仑仙境       237     465       主宰境妖兽          800     80    120   0  249
昆仑仙境       237     465       神人境妖兽          800     80    120   0  249
昆仑仙境       237     465       天神境妖兽          800     80    120   0  249
昆仑仙境       237     465       玄神境妖兽          800     80    120   0  249
昆仑仙境       237     465       神王境妖兽          800     80    120   0  249
昆仑仙境       237     465       神君境妖兽          800     80    120   0  249
昆仑仙境       237     465       天帝境妖兽          800     80    120   0  249
昆仑仙境       237     465       神帝境妖兽          800     80    120   0  249
昆仑仙境       237     465       美猴王[BOSS]        800     50    120   0  253
昆仑仙境       237     465       黑风大王[BOSS]      800     50    120   0  253
昆仑仙境       237     465       黄风大圣[BOSS]      800     50    120   0  253
昆仑仙境       237     465       毗蓝婆[BOSS]        800     50    120   0  253
昆仑仙境       237     465       火灵元母[BOSS]      800     50    120   0  253
昆仑仙境       237     465       黄眉老祖[BOSS]      800     50    120   0  253
昆仑仙境       237     465       真神境妖兽          800     50    120   0  253
昆仑仙境       237     465       百眼魔君[BOSS]      800     50    120   0  253
昆仑仙境       237     465       孔雀明王[BOSS]      800     50    120   0  253
昆仑仙境       237     465   ★★★尘世巨蟒・耶梦加得★★★     0    1    120   0    254
昆仑仙境       237     465   ★★★巨兽・比蒙★★★             0    1    120   0    254
昆仑仙境       237     465     ★★★混沌之龙・利维坦★★★       0    1    120   0    254
昆仑仙境       237     465     ★★★北海巨妖・克拉肯★★★       0    1    120   0    254
昆仑仙境       237     465    ★★★恶魔之王・撒旦★★★         0    1    120   0    254


SCMJ3	25	56	战神・刑天		30	1	60	0	249
SCMJ3	25	56	魔神・蚩尤		30	1	60	0	249
SCMJ3	25	56	鬼王・钟馗		30	1	60	0	249
SCMJ3	49	46	沙城之主        	0       	1      	360     	0       	0

