;---------------------------------------------------------------------安全区配置,放置最上方
wxbd		14	14	0	30	0	0	0
wxbd		14	14	0	30	0	0	0
wxbd		14	14	0	30	0	0	0
wxbd		14	14	0	30	0	0	0
wxyz		14	14	0	30	0	0	0
wxyz		14	14	0	30	0	0	0
wxyz		14	14	0	30	0	0	0
wxyz		14	14	0	30	0	0	0


;边界村（比奇新人村）
;--------------------------------------------------
0	289	618    0       8        3      0       0

;银杏山谷（银杏新人村）
;--------------------------------------------------
0	650	631    0       8        3      0       0

;安全区/复活点
;##################################################

;比奇城
;--------------------------------------------------
0	329	269     0       12        2      0       0

;毒蛇山谷村庄
;--------------------------------------------------
2	503	483     0       10        2      0       0   

;白日门
;--------------------------------------------------

11	179	327     0       10       4      0       0


;齐天大陆
;--------------------------------------------------

齐天大陆	66	40     0       9       4      0       0

齐天大陆	50	57     0       5       4      0       0


;摸鱼庄园
;--------------------------------------------------

摸鱼庄园	71	73     0       10       4      0       0

;盟重土城
;--------------------------------------------------
3	330	331     0       10       4      0       0
;3	308	331     0       8       4      0       0
;红名村
;--------------------------------------------------
3	850	675     0       8        4      0       0

;封魔谷
;--------------------------------------------------
4	241	201     0       10        4      0       0

;苍月岛
;--------------------------------------------------
5	140	335     0       10        4      0       0

;免费泡点
;--------------------------------------------------
3  347     323      0      5       4      0       0
仙城   168   118      0      9      4      0       0
 